coords = [
          [
            4.431717395782471,
            51.699241285183355
          ],
          [
            4.428820610046387,
            51.69929448210502
          ],
          [
            4.425945281982422,
            51.69908169404305
          ],
          [
            4.423456192016602,
            51.69815073450679
          ],
          [
            4.4211602210998535,
            51.69706015754816
          ],
          [
            4.418971538543701,
            51.69584985235083
          ],
          [
              4.417018890380859,
              51.694626214192404
            ],
          [
            4.414615631103516,
            51.69348234860448
          ],
          [
            4.41126823425293,
            51.691540371057144
          ],
          [
            4.409422874450684,
            51.69052944565975
          ],
          [
            4.407556056976318,
            51.689545101867644
          ],
          [
            4.403843879699707,
            51.68756304739833
          ],
          [
            4.4016337394714355,
            51.686392397283925
          ],
          [
            4.399402141571045,
            51.68516850343353
          ],
          [
            4.397170543670654,
            51.68401109511487
          ],
          [
            4.395046234130859,
            51.68281374502816
          ],
          [
            4.392750263214111,
            51.68168288531602
          ],
          [
            4.390625953674316,
            51.680485473659196
          ],
          [
            4.388694763183594,
            51.6791815893984
          ]
        ]