1.162000000000000000e+03 1.640000000000000000e+03
7.260000000000000000e+02 1.691000000000000000e+03
2.434000000000000000e+03 1.572000000000000000e+03
2.833000000000000000e+03 2.837000000000000000e+03
3.559000000000000000e+03 1.393000000000000000e+03
1.393000000000000000e+03 3.562000000000000000e+03
2.531000000000000000e+03 4.599000000000000000e+03
3.952000000000000000e+03 2.188000000000000000e+03
2.039000000000000000e+03 2.252000000000000000e+03
2.252000000000000000e+03 3.130000000000000000e+02
5.497000000000000000e+03 5.159000000000000000e+03
5.871000000000000000e+03 6.083000000000000000e+03
6.223000000000000000e+03 2.010000000000000000e+03
6.732000000000000000e+03 6.735000000000000000e+03
6.030000000000000000e+02 7.166000000000000000e+03
4.830000000000000000e+03 3.524000000000000000e+03
5.430000000000000000e+02 5.196000000000000000e+03
2.162000000000000000e+03 2.122000000000000000e+03
5.303000000000000000e+03 3.885000000000000000e+03
3.960000000000000000e+03 4.590000000000000000e+02
7.851000000000000000e+03 7.853000000000000000e+03
5.206000000000000000e+03 7.691000000000000000e+03
6.168000000000000000e+03 5.460000000000000000e+02
8.021000000000000000e+03 3.361000000000000000e+03
7.660000000000000000e+02 4.733000000000000000e+03
3.750000000000000000e+03 6.950000000000000000e+02
5.208000000000000000e+03 3.760000000000000000e+02
3.760000000000000000e+02 1.562000000000000000e+03
2.346000000000000000e+03 4.907000000000000000e+03
8.857000000000000000e+03 8.864000000000000000e+03
8.767000000000000000e+03 9.334000000000000000e+03
9.407000000000000000e+03 9.415000000000000000e+03
9.867000000000000000e+03 9.876000000000000000e+03
1.038500000000000000e+04 1.038900000000000000e+04
1.077500000000000000e+04 1.078200000000000000e+04
1.078900000000000000e+04 9.212000000000000000e+03
1.160600000000000000e+04 1.174700000000000000e+04
1.068100000000000000e+04 9.718000000000000000e+03
8.434000000000000000e+03 1.185100000000000000e+04
8.693000000000000000e+03 9.837000000000000000e+03
9.428000000000000000e+03 1.093200000000000000e+04
1.080900000000000000e+04 1.266200000000000000e+04
1.327800000000000000e+04 1.113600000000000000e+04
1.258300000000000000e+04 1.140700000000000000e+04
1.361900000000000000e+04 1.402100000000000000e+04
1.339500000000000000e+04 9.605000000000000000e+03
9.452000000000000000e+03 1.140800000000000000e+04
9.898000000000000000e+03 1.360900000000000000e+04
1.057500000000000000e+04 8.946000000000000000e+03
1.296800000000000000e+04 1.313200000000000000e+04
1.433800000000000000e+04 1.413800000000000000e+04
1.203800000000000000e+04 1.244200000000000000e+04
1.449900000000000000e+04 1.544300000000000000e+04
1.048700000000000000e+04 1.428300000000000000e+04
1.167600000000000000e+04 1.563400000000000000e+04
9.181000000000000000e+03 1.259700000000000000e+04
1.402700000000000000e+04 1.578300000000000000e+04
9.445000000000000000e+03 1.126100000000000000e+04
1.049200000000000000e+04 9.498000000000000000e+03
9.240000000000000000e+03 1.441900000000000000e+04
1.640700000000000000e+04 8.665000000000000000e+03
1.663900000000000000e+04 1.664600000000000000e+04
1.723800000000000000e+04 1.724000000000000000e+04
1.735000000000000000e+04 1.735500000000000000e+04
1.792000000000000000e+04 1.792100000000000000e+04
1.803600000000000000e+04 1.805600000000000000e+04
1.697700000000000000e+04 1.843400000000000000e+04
1.925600000000000000e+04 1.925900000000000000e+04
1.895600000000000000e+04 1.757500000000000000e+04
2.029000000000000000e+04 2.029800000000000000e+04
2.086400000000000000e+04 1.988000000000000000e+04
2.091200000000000000e+04 2.092200000000000000e+04
2.089300000000000000e+04 2.117200000000000000e+04
1.994400000000000000e+04 2.163700000000000000e+04
2.204900000000000000e+04 2.160200000000000000e+04
2.117800000000000000e+04 2.088600000000000000e+04
1.796200000000000000e+04 1.965000000000000000e+04
2.068100000000000000e+04 1.730900000000000000e+04
1.769900000000000000e+04 2.160400000000000000e+04
2.037500000000000000e+04 2.384200000000000000e+04
2.108800000000000000e+04 2.198700000000000000e+04
1.813400000000000000e+04 1.859500000000000000e+04
1.919100000000000000e+04 1.896200000000000000e+04
1.851200000000000000e+04 2.426100000000000000e+04
2.258000000000000000e+04 2.426800000000000000e+04
1.971700000000000000e+04 1.968700000000000000e+04
2.428000000000000000e+04 2.414700000000000000e+04
1.746800000000000000e+04 2.178600000000000000e+04
1.801300000000000000e+04 2.232400000000000000e+04
