7.600000000000000000e+01 7.900000000000000000e+01
5.340000000000000000e+02 5.380000000000000000e+02
5.600000000000000000e+02 5.650000000000000000e+02
5.650000000000000000e+02 5.700000000000000000e+02
5.700000000000000000e+02 5.790000000000000000e+02
7.100000000000000000e+01 6.000000000000000000e+02
6.000000000000000000e+02 6.080000000000000000e+02
8.220000000000000000e+02 8.590000000000000000e+02
1.067000000000000000e+03 8.230000000000000000e+02
8.230000000000000000e+02 1.073000000000000000e+03
1.225000000000000000e+03 1.231000000000000000e+03
1.231000000000000000e+03 1.239000000000000000e+03
1.366000000000000000e+03 1.140000000000000000e+02
1.140000000000000000e+02 1.370000000000000000e+03
1.389000000000000000e+03 1.392000000000000000e+03
1.392000000000000000e+03 1.402000000000000000e+03
2.430000000000000000e+02 1.426000000000000000e+03
1.635000000000000000e+03 1.162000000000000000e+03
1.640000000000000000e+03 5.110000000000000000e+02
1.974000000000000000e+03 1.979000000000000000e+03
9.030000000000000000e+02 1.987000000000000000e+03
2.422000000000000000e+03 2.434000000000000000e+03
5.100000000000000000e+01 2.004000000000000000e+03
2.169000000000000000e+03 2.805000000000000000e+03
2.805000000000000000e+03 2.807000000000000000e+03
2.807000000000000000e+03 2.812000000000000000e+03
2.828000000000000000e+03 2.833000000000000000e+03
2.837000000000000000e+03 2.843000000000000000e+03
2.094000000000000000e+03 3.067000000000000000e+03
3.067000000000000000e+03 3.070000000000000000e+03
3.128000000000000000e+03 3.135000000000000000e+03
1.241000000000000000e+03 3.146000000000000000e+03
3.146000000000000000e+03 3.153000000000000000e+03
3.153000000000000000e+03 3.155000000000000000e+03
3.349000000000000000e+03 3.357000000000000000e+03
3.357000000000000000e+03 3.362000000000000000e+03
5.900000000000000000e+02 1.840000000000000000e+02
1.840000000000000000e+02 3.382000000000000000e+03
3.397000000000000000e+03 1.242000000000000000e+03
7.050000000000000000e+02 3.425000000000000000e+03
3.154000000000000000e+03 1.550000000000000000e+03
3.545000000000000000e+03 3.550000000000000000e+03
1.327000000000000000e+03 3.600000000000000000e+03
1.020000000000000000e+02 3.743000000000000000e+03
3.743000000000000000e+03 2.049000000000000000e+03
4.720000000000000000e+02 9.130000000000000000e+02
9.130000000000000000e+02 3.901000000000000000e+03
1.290000000000000000e+03 3.910000000000000000e+03
3.910000000000000000e+03 3.651000000000000000e+03
3.651000000000000000e+03 3.300000000000000000e+01
2.186000000000000000e+03 3.919000000000000000e+03
2.786000000000000000e+03 3.370000000000000000e+03
3.370000000000000000e+03 2.318000000000000000e+03
4.127000000000000000e+03 2.100000000000000000e+01
2.100000000000000000e+01 3.078000000000000000e+03
3.078000000000000000e+03 4.129000000000000000e+03
4.129000000000000000e+03 4.135000000000000000e+03
3.030000000000000000e+02 2.340000000000000000e+03
4.266000000000000000e+03 3.400000000000000000e+01
6.510000000000000000e+02 4.268000000000000000e+03
4.451000000000000000e+03 3.270000000000000000e+03
2.063000000000000000e+03 5.710000000000000000e+02
5.710000000000000000e+02 4.460000000000000000e+03
4.460000000000000000e+03 4.463000000000000000e+03
4.463000000000000000e+03 4.467000000000000000e+03
4.467000000000000000e+03 2.764000000000000000e+03
4.718000000000000000e+03 2.319000000000000000e+03
3.964000000000000000e+03 3.294000000000000000e+03
3.294000000000000000e+03 4.723000000000000000e+03
4.194000000000000000e+03 1.185000000000000000e+03
1.185000000000000000e+03 9.510000000000000000e+02
9.510000000000000000e+02 4.885000000000000000e+03
4.885000000000000000e+03 4.889000000000000000e+03
3.040000000000000000e+03 1.908000000000000000e+03
1.908000000000000000e+03 5.059000000000000000e+03
5.059000000000000000e+03 5.063000000000000000e+03
5.063000000000000000e+03 3.952000000000000000e+03
2.188000000000000000e+03 2.039000000000000000e+03
3.130000000000000000e+02 4.638000000000000000e+03
4.638000000000000000e+03 1.492000000000000000e+03
5.081000000000000000e+03 1.344000000000000000e+03
5.092000000000000000e+03 5.093000000000000000e+03
3.028000000000000000e+03 5.001000000000000000e+03
4.359000000000000000e+03 2.733000000000000000e+03
1.255000000000000000e+03 3.766000000000000000e+03
2.779000000000000000e+03 5.275000000000000000e+03
5.275000000000000000e+03 5.471000000000000000e+03
7.610000000000000000e+02 5.541000000000000000e+03
5.541000000000000000e+03 5.548000000000000000e+03
5.548000000000000000e+03 8.880000000000000000e+02
8.880000000000000000e+02 1.886000000000000000e+03
5.560000000000000000e+03 1.408000000000000000e+03
3.371000000000000000e+03 5.562000000000000000e+03
5.562000000000000000e+03 8.300000000000000000e+02
2.787000000000000000e+03 4.397000000000000000e+03
5.621000000000000000e+03 3.186000000000000000e+03
3.186000000000000000e+03 4.607000000000000000e+03
4.607000000000000000e+03 3.447000000000000000e+03
3.447000000000000000e+03 5.625000000000000000e+03
5.561000000000000000e+03 4.241000000000000000e+03
4.241000000000000000e+03 5.199000000000000000e+03
5.199000000000000000e+03 4.604000000000000000e+03
4.604000000000000000e+03 4.070000000000000000e+02
4.070000000000000000e+02 5.020000000000000000e+03
5.655000000000000000e+03 3.923000000000000000e+03
3.426000000000000000e+03 3.571000000000000000e+03
1.452000000000000000e+03 1.186000000000000000e+03
1.329000000000000000e+03 5.706000000000000000e+03
5.454000000000000000e+03 2.500000000000000000e+01
5.745000000000000000e+03 5.748000000000000000e+03
5.814000000000000000e+03 5.821000000000000000e+03
5.386000000000000000e+03 1.338000000000000000e+03
2.364000000000000000e+03 5.930000000000000000e+03
3.421000000000000000e+03 4.300000000000000000e+03
3.440000000000000000e+02 5.989000000000000000e+03
5.989000000000000000e+03 5.992000000000000000e+03
5.920000000000000000e+03 5.871000000000000000e+03
6.083000000000000000e+03 6.084000000000000000e+03
3.620000000000000000e+03 3.712000000000000000e+03
3.712000000000000000e+03 6.162000000000000000e+03
6.162000000000000000e+03 1.647000000000000000e+03
1.647000000000000000e+03 2.209000000000000000e+03
6.175000000000000000e+03 6.179000000000000000e+03
2.200000000000000000e+02 5.722000000000000000e+03
5.722000000000000000e+03 3.015000000000000000e+03
6.268000000000000000e+03 2.158000000000000000e+03
2.502000000000000000e+03 6.288000000000000000e+03
4.221000000000000000e+03 6.292000000000000000e+03
6.292000000000000000e+03 1.812000000000000000e+03
1.812000000000000000e+03 1.924000000000000000e+03
4.705000000000000000e+03 6.025000000000000000e+03
6.025000000000000000e+03 2.736000000000000000e+03
2.736000000000000000e+03 6.503000000000000000e+03
2.799000000000000000e+03 5.634000000000000000e+03
5.634000000000000000e+03 2.835000000000000000e+03
2.835000000000000000e+03 5.400000000000000000e+03
6.681000000000000000e+03 1.507000000000000000e+03
1.507000000000000000e+03 4.742000000000000000e+03
1.420000000000000000e+03 4.375000000000000000e+03
3.621000000000000000e+03 3.320000000000000000e+02
7.150000000000000000e+02 3.767000000000000000e+03
5.660000000000000000e+03 3.201000000000000000e+03
1.099000000000000000e+03 6.712000000000000000e+03
6.712000000000000000e+03 4.109000000000000000e+03
4.109000000000000000e+03 6.714000000000000000e+03
6.731000000000000000e+03 6.732000000000000000e+03
1.810000000000000000e+03 1.688000000000000000e+03
7.090000000000000000e+02 9.220000000000000000e+02
4.218000000000000000e+03 6.805000000000000000e+03
1.741000000000000000e+03 5.940000000000000000e+02
5.940000000000000000e+02 6.811000000000000000e+03
6.851000000000000000e+03 2.307000000000000000e+03
3.017000000000000000e+03 2.421000000000000000e+03
2.421000000000000000e+03 5.600000000000000000e+01
5.600000000000000000e+01 2.652000000000000000e+03
5.613000000000000000e+03 4.642000000000000000e+03
4.642000000000000000e+03 3.626000000000000000e+03
4.651000000000000000e+03 4.350000000000000000e+03
6.440000000000000000e+03 1.678000000000000000e+03
1.678000000000000000e+03 3.736000000000000000e+03
1.050000000000000000e+02 5.751000000000000000e+03
2.098000000000000000e+03 6.489000000000000000e+03
6.744000000000000000e+03 3.717000000000000000e+03
6.779000000000000000e+03 4.544000000000000000e+03
6.478000000000000000e+03 5.245000000000000000e+03
6.001000000000000000e+03 2.323000000000000000e+03
2.323000000000000000e+03 6.800000000000000000e+02
6.800000000000000000e+02 4.729000000000000000e+03
4.980000000000000000e+02 7.216000000000000000e+03
1.411000000000000000e+03 2.070000000000000000e+03
5.635000000000000000e+03 4.300000000000000000e+01
4.300000000000000000e+01 7.304000000000000000e+03
5.851000000000000000e+03 1.069000000000000000e+03
1.069000000000000000e+03 4.319000000000000000e+03
4.319000000000000000e+03 1.560000000000000000e+02
1.560000000000000000e+02 7.312000000000000000e+03
7.312000000000000000e+03 3.785000000000000000e+03
2.543000000000000000e+03 5.577000000000000000e+03
7.305000000000000000e+03 8.410000000000000000e+02
4.975000000000000000e+03 5.149000000000000000e+03
5.149000000000000000e+03 4.676000000000000000e+03
2.600000000000000000e+01 2.120000000000000000e+03
2.120000000000000000e+03 6.285000000000000000e+03
6.285000000000000000e+03 6.989000000000000000e+03
3.907000000000000000e+03 1.887000000000000000e+03
1.887000000000000000e+03 4.050000000000000000e+03
4.050000000000000000e+03 1.455000000000000000e+03
6.310000000000000000e+03 5.246000000000000000e+03
5.636000000000000000e+03 6.030000000000000000e+02
7.166000000000000000e+03 2.544000000000000000e+03
2.544000000000000000e+03 7.371000000000000000e+03
6.276000000000000000e+03 2.441000000000000000e+03
5.173000000000000000e+03 2.858000000000000000e+03
2.858000000000000000e+03 3.670000000000000000e+02
3.670000000000000000e+02 4.082000000000000000e+03
4.082000000000000000e+03 7.432000000000000000e+03
5.713000000000000000e+03 8.960000000000000000e+02
8.960000000000000000e+02 5.997000000000000000e+03
5.997000000000000000e+03 3.481000000000000000e+03
6.087000000000000000e+03 7.186000000000000000e+03
7.112000000000000000e+03 7.489000000000000000e+03
4.640000000000000000e+02 2.012000000000000000e+03
7.170000000000000000e+03 4.570000000000000000e+02
4.570000000000000000e+02 1.134000000000000000e+03
1.134000000000000000e+03 6.918000000000000000e+03
5.508000000000000000e+03 2.442000000000000000e+03
4.450000000000000000e+02 2.443000000000000000e+03
4.545000000000000000e+03 6.081000000000000000e+03
1.431000000000000000e+03 6.959000000000000000e+03
6.959000000000000000e+03 4.830000000000000000e+03
3.524000000000000000e+03 8.600000000000000000e+01
8.600000000000000000e+01 6.929000000000000000e+03
7.603000000000000000e+03 4.007000000000000000e+03
2.622000000000000000e+03 7.372000000000000000e+03
1.159000000000000000e+03 2.035000000000000000e+03
2.035000000000000000e+03 1.296000000000000000e+03
6.130000000000000000e+02 7.652000000000000000e+03
7.652000000000000000e+03 5.909000000000000000e+03
1.319000000000000000e+03 1.153000000000000000e+03
7.620000000000000000e+02 1.461000000000000000e+03
3.392000000000000000e+03 7.036000000000000000e+03
7.036000000000000000e+03 3.741000000000000000e+03
7.733000000000000000e+03 5.986000000000000000e+03
5.986000000000000000e+03 6.721000000000000000e+03
7.065000000000000000e+03 2.162000000000000000e+03
1.730000000000000000e+03 3.787000000000000000e+03
4.307000000000000000e+03 5.062000000000000000e+03
3.543000000000000000e+03 7.037000000000000000e+03
6.492000000000000000e+03 8.800000000000000000e+01
8.800000000000000000e+01 3.491000000000000000e+03
4.066000000000000000e+03 7.369000000000000000e+03
2.220000000000000000e+03 2.325000000000000000e+03
2.325000000000000000e+03 2.024000000000000000e+03
2.463000000000000000e+03 4.333000000000000000e+03
9.850000000000000000e+02 5.716000000000000000e+03
5.716000000000000000e+03 1.610000000000000000e+02
1.610000000000000000e+02 7.667000000000000000e+03
7.782000000000000000e+03 7.757000000000000000e+03
7.757000000000000000e+03 5.303000000000000000e+03
3.885000000000000000e+03 1.080000000000000000e+02
4.080000000000000000e+03 7.408000000000000000e+03
7.408000000000000000e+03 2.025000000000000000e+03
3.536000000000000000e+03 3.520000000000000000e+03
6.400000000000000000e+01 4.141000000000000000e+03
4.141000000000000000e+03 6.901000000000000000e+03
4.682000000000000000e+03 3.722000000000000000e+03
4.750000000000000000e+03 5.405000000000000000e+03
3.020000000000000000e+03 7.540000000000000000e+03
7.540000000000000000e+03 2.299000000000000000e+03
6.590000000000000000e+02 6.187000000000000000e+03
6.700000000000000000e+02 3.720000000000000000e+02
3.720000000000000000e+02 6.386000000000000000e+03
6.899000000000000000e+03 4.178000000000000000e+03
4.062000000000000000e+03 7.013000000000000000e+03
7.287000000000000000e+03 1.798000000000000000e+03
6.241000000000000000e+03 2.881000000000000000e+03
3.403000000000000000e+03 5.002000000000000000e+03
7.902000000000000000e+03 6.070000000000000000e+02
6.070000000000000000e+02 3.105000000000000000e+03
3.105000000000000000e+03 3.502000000000000000e+03
6.933000000000000000e+03 7.905000000000000000e+03
7.913000000000000000e+03 6.691000000000000000e+03
3.793000000000000000e+03 5.206000000000000000e+03
5.415000000000000000e+03 5.406000000000000000e+03
1.308000000000000000e+03 2.513000000000000000e+03
7.228000000000000000e+03 7.922000000000000000e+03
6.657000000000000000e+03 7.337000000000000000e+03
3.644000000000000000e+03 2.245000000000000000e+03
7.977000000000000000e+03 2.811000000000000000e+03
2.079000000000000000e+03 6.169000000000000000e+03
2.996000000000000000e+03 3.503000000000000000e+03
3.503000000000000000e+03 3.578000000000000000e+03
1.835000000000000000e+03 8.010000000000000000e+03
8.032000000000000000e+03 5.114000000000000000e+03
5.114000000000000000e+03 2.175000000000000000e+03
2.175000000000000000e+03 8.034000000000000000e+03
3.394000000000000000e+03 6.858000000000000000e+03
6.858000000000000000e+03 4.500000000000000000e+02
4.500000000000000000e+02 2.591000000000000000e+03
8.540000000000000000e+02 7.778000000000000000e+03
7.903000000000000000e+03 5.730000000000000000e+03
5.730000000000000000e+03 6.150000000000000000e+02
6.150000000000000000e+02 7.470000000000000000e+03
7.470000000000000000e+03 1.399000000000000000e+03
1.399000000000000000e+03 7.400000000000000000e+01
3.361000000000000000e+03 1.929000000000000000e+03
1.929000000000000000e+03 8.052000000000000000e+03
8.052000000000000000e+03 8.053000000000000000e+03
1.285000000000000000e+03 5.456000000000000000e+03
2.337000000000000000e+03 3.605000000000000000e+03
9.050000000000000000e+02 7.221000000000000000e+03
7.221000000000000000e+03 2.975000000000000000e+03
1.511000000000000000e+03 5.800000000000000000e+03
5.800000000000000000e+03 4.128000000000000000e+03
4.336000000000000000e+03 4.480000000000000000e+03
4.480000000000000000e+03 1.914000000000000000e+03
1.914000000000000000e+03 1.405000000000000000e+03
3.106000000000000000e+03 1.690000000000000000e+03
4.591000000000000000e+03 3.749000000000000000e+03
3.749000000000000000e+03 7.904000000000000000e+03
6.095000000000000000e+03 7.550000000000000000e+03
7.550000000000000000e+03 5.539000000000000000e+03
1.931000000000000000e+03 6.437000000000000000e+03
8.115000000000000000e+03 5.624000000000000000e+03
3.544000000000000000e+03 9.960000000000000000e+02
7.135000000000000000e+03 4.536000000000000000e+03
4.536000000000000000e+03 2.998000000000000000e+03
8.146000000000000000e+03 2.400000000000000000e+02
2.400000000000000000e+02 3.290000000000000000e+02
4.790000000000000000e+03 3.125000000000000000e+03
3.125000000000000000e+03 1.353000000000000000e+03
1.353000000000000000e+03 5.208000000000000000e+03
5.780000000000000000e+02 2.459000000000000000e+03
2.026000000000000000e+03 3.419000000000000000e+03
8.164000000000000000e+03 6.956000000000000000e+03
1.410000000000000000e+02 6.566000000000000000e+03
6.566000000000000000e+03 1.736000000000000000e+03
1.736000000000000000e+03 8.167000000000000000e+03
8.167000000000000000e+03 7.592000000000000000e+03
3.381000000000000000e+03 6.836000000000000000e+03
5.504000000000000000e+03 2.228000000000000000e+03
6.022000000000000000e+03 5.234000000000000000e+03
8.168000000000000000e+03 1.054000000000000000e+03
8.856000000000000000e+03 8.857000000000000000e+03
9.334000000000000000e+03 9.344000000000000000e+03
9.344000000000000000e+03 9.348000000000000000e+03
9.366000000000000000e+03 9.375000000000000000e+03
9.375000000000000000e+03 9.385000000000000000e+03
9.391000000000000000e+03 9.407000000000000000e+03
9.637000000000000000e+03 9.641000000000000000e+03
9.699000000000000000e+03 9.705000000000000000e+03
9.705000000000000000e+03 9.709000000000000000e+03
9.728000000000000000e+03 9.732000000000000000e+03
9.732000000000000000e+03 8.219000000000000000e+03
9.761000000000000000e+03 9.773000000000000000e+03
9.876000000000000000e+03 9.877000000000000000e+03
9.994000000000000000e+03 9.235000000000000000e+03
9.235000000000000000e+03 9.998000000000000000e+03
1.000600000000000000e+04 9.741000000000000000e+03
9.741000000000000000e+03 1.001500000000000000e+04
1.025500000000000000e+04 8.781000000000000000e+03
1.035500000000000000e+04 9.791000000000000000e+03
9.791000000000000000e+03 1.036600000000000000e+04
1.038900000000000000e+04 1.039000000000000000e+04
1.039000000000000000e+04 1.039300000000000000e+04
1.071500000000000000e+04 9.642000000000000000e+03
1.102500000000000000e+04 8.689000000000000000e+03
1.132400000000000000e+04 1.090000000000000000e+04
1.133700000000000000e+04 9.254000000000000000e+03
1.145500000000000000e+04 8.327000000000000000e+03
9.281000000000000000e+03 1.153100000000000000e+04
1.155000000000000000e+04 9.535000000000000000e+03
8.491000000000000000e+03 1.155700000000000000e+04
1.160500000000000000e+04 1.161800000000000000e+04
8.768000000000000000e+03 1.037600000000000000e+04
1.105600000000000000e+04 1.169000000000000000e+04
1.003600000000000000e+04 1.169900000000000000e+04
1.171100000000000000e+04 1.171600000000000000e+04
1.171700000000000000e+04 1.172200000000000000e+04
1.177200000000000000e+04 1.177500000000000000e+04
8.393000000000000000e+03 1.197300000000000000e+04
1.139000000000000000e+04 9.207000000000000000e+03
1.198500000000000000e+04 1.216900000000000000e+04
1.216900000000000000e+04 1.217300000000000000e+04
1.217300000000000000e+04 8.712000000000000000e+03
8.712000000000000000e+03 1.068100000000000000e+04
9.718000000000000000e+03 1.199700000000000000e+04
1.199700000000000000e+04 1.032000000000000000e+04
1.032000000000000000e+04 1.007900000000000000e+04
1.007900000000000000e+04 1.217700000000000000e+04
1.217700000000000000e+04 1.218100000000000000e+04
9.028000000000000000e+03 8.433000000000000000e+03
1.233000000000000000e+04 1.202600000000000000e+04
8.698000000000000000e+03 9.578000000000000000e+03
9.578000000000000000e+03 1.233400000000000000e+04
1.233400000000000000e+04 1.026900000000000000e+04
1.202400000000000000e+04 9.408000000000000000e+03
9.408000000000000000e+03 1.139100000000000000e+04
1.077700000000000000e+04 8.693000000000000000e+03
1.046800000000000000e+04 9.357000000000000000e+03
9.357000000000000000e+03 1.235000000000000000e+04
1.104600000000000000e+04 1.002000000000000000e+04
1.197000000000000000e+04 1.250300000000000000e+04
1.070100000000000000e+04 8.437000000000000000e+03
8.437000000000000000e+03 9.742000000000000000e+03
9.742000000000000000e+03 9.537000000000000000e+03
1.271100000000000000e+04 1.271200000000000000e+04
9.304000000000000000e+03 1.052500000000000000e+04
1.052500000000000000e+04 1.283800000000000000e+04
1.284600000000000000e+04 9.394000000000000000e+03
9.394000000000000000e+03 8.825000000000000000e+03
1.287200000000000000e+04 9.638000000000000000e+03
9.638000000000000000e+03 1.287700000000000000e+04
8.909000000000000000e+03 1.295400000000000000e+04
1.295400000000000000e+04 1.296500000000000000e+04
1.296500000000000000e+04 1.189800000000000000e+04
1.189800000000000000e+04 1.203400000000000000e+04
1.203400000000000000e+04 1.297100000000000000e+04
1.067800000000000000e+04 1.166800000000000000e+04
1.166800000000000000e+04 1.311300000000000000e+04
1.311300000000000000e+04 1.311500000000000000e+04
1.311500000000000000e+04 1.018800000000000000e+04
1.299900000000000000e+04 1.327000000000000000e+04
1.327000000000000000e+04 1.327800000000000000e+04
1.329500000000000000e+04 1.329700000000000000e+04
1.326600000000000000e+04 1.294100000000000000e+04
1.359300000000000000e+04 1.154700000000000000e+04
1.360000000000000000e+04 1.100500000000000000e+04
1.172700000000000000e+04 1.088500000000000000e+04
1.228500000000000000e+04 1.177900000000000000e+04
1.350700000000000000e+04 1.076000000000000000e+04
1.024100000000000000e+04 1.379000000000000000e+04
1.379000000000000000e+04 1.359800000000000000e+04
1.359800000000000000e+04 1.188000000000000000e+04
1.188000000000000000e+04 1.195800000000000000e+04
1.306900000000000000e+04 1.380600000000000000e+04
1.380600000000000000e+04 1.381300000000000000e+04
1.389300000000000000e+04 1.308900000000000000e+04
1.389600000000000000e+04 1.093300000000000000e+04
1.093300000000000000e+04 8.517000000000000000e+03
8.517000000000000000e+03 9.294000000000000000e+03
9.294000000000000000e+03 1.276900000000000000e+04
1.276900000000000000e+04 1.389900000000000000e+04
1.208800000000000000e+04 8.592000000000000000e+03
8.592000000000000000e+03 1.390700000000000000e+04
1.390700000000000000e+04 9.378000000000000000e+03
1.391200000000000000e+04 8.507000000000000000e+03
1.394800000000000000e+04 1.394900000000000000e+04
1.394900000000000000e+04 1.258300000000000000e+04
9.329000000000000000e+03 1.341500000000000000e+04
1.341500000000000000e+04 9.397000000000000000e+03
9.397000000000000000e+03 8.685000000000000000e+03
8.685000000000000000e+03 1.197700000000000000e+04
1.197700000000000000e+04 1.395400000000000000e+04
1.395400000000000000e+04 1.110300000000000000e+04
1.110300000000000000e+04 9.697000000000000000e+03
9.697000000000000000e+03 9.278000000000000000e+03
9.278000000000000000e+03 1.393800000000000000e+04
1.393800000000000000e+04 9.107000000000000000e+03
1.048100000000000000e+04 1.400900000000000000e+04
1.402600000000000000e+04 8.334000000000000000e+03
8.680000000000000000e+03 1.309100000000000000e+04
1.309100000000000000e+04 1.266900000000000000e+04
1.377200000000000000e+04 1.366300000000000000e+04
1.005200000000000000e+04 1.414700000000000000e+04
8.681000000000000000e+03 1.361900000000000000e+04
1.402100000000000000e+04 1.001600000000000000e+04
1.379200000000000000e+04 1.154200000000000000e+04
1.154200000000000000e+04 1.445700000000000000e+04
9.562000000000000000e+03 1.339500000000000000e+04
9.411000000000000000e+03 9.963000000000000000e+03
1.452000000000000000e+04 8.409000000000000000e+03
1.124700000000000000e+04 9.053000000000000000e+03
9.689000000000000000e+03 1.092000000000000000e+04
1.143900000000000000e+04 9.452000000000000000e+03
1.140800000000000000e+04 1.045400000000000000e+04
9.285000000000000000e+03 1.058600000000000000e+04
9.433000000000000000e+03 1.329600000000000000e+04
1.039400000000000000e+04 1.073100000000000000e+04
1.073100000000000000e+04 9.237000000000000000e+03
1.454600000000000000e+04 1.454700000000000000e+04
1.454700000000000000e+04 1.035200000000000000e+04
1.321800000000000000e+04 1.457900000000000000e+04
1.460100000000000000e+04 9.841000000000000000e+03
1.460300000000000000e+04 1.449700000000000000e+04
1.449700000000000000e+04 1.048200000000000000e+04
1.048200000000000000e+04 8.364000000000000000e+03
8.364000000000000000e+03 9.138000000000000000e+03
1.119900000000000000e+04 1.371500000000000000e+04
1.468000000000000000e+04 1.180200000000000000e+04
1.180200000000000000e+04 1.365700000000000000e+04
1.449400000000000000e+04 1.154300000000000000e+04
8.788000000000000000e+03 1.321900000000000000e+04
1.321900000000000000e+04 1.109800000000000000e+04
1.384600000000000000e+04 9.918000000000000000e+03
9.918000000000000000e+03 1.488500000000000000e+04
1.488500000000000000e+04 1.436200000000000000e+04
1.436200000000000000e+04 1.027100000000000000e+04
1.027100000000000000e+04 1.447100000000000000e+04
8.946000000000000000e+03 1.457300000000000000e+04
1.419200000000000000e+04 1.492400000000000000e+04
1.493500000000000000e+04 1.293500000000000000e+04
8.669000000000000000e+03 1.497000000000000000e+04
1.497100000000000000e+04 1.497200000000000000e+04
1.497200000000000000e+04 1.151600000000000000e+04
9.970000000000000000e+03 9.435000000000000000e+03
9.435000000000000000e+03 9.418000000000000000e+03
1.497600000000000000e+04 1.296800000000000000e+04
1.302500000000000000e+04 1.488000000000000000e+04
1.488000000000000000e+04 9.079000000000000000e+03
1.079600000000000000e+04 1.379700000000000000e+04
1.073300000000000000e+04 1.244900000000000000e+04
9.788000000000000000e+03 1.505900000000000000e+04
1.073400000000000000e+04 1.282500000000000000e+04
1.282500000000000000e+04 1.135200000000000000e+04
1.513300000000000000e+04 1.347000000000000000e+04
1.339800000000000000e+04 1.047000000000000000e+04
1.047000000000000000e+04 1.403400000000000000e+04
1.420800000000000000e+04 8.828000000000000000e+03
1.168200000000000000e+04 8.369000000000000000e+03
1.099600000000000000e+04 9.661000000000000000e+03
9.661000000000000000e+03 1.122700000000000000e+04
1.487500000000000000e+04 1.072300000000000000e+04
1.525000000000000000e+04 9.745000000000000000e+03
9.745000000000000000e+03 9.844000000000000000e+03
9.622000000000000000e+03 1.287300000000000000e+04
9.419000000000000000e+03 1.353200000000000000e+04
1.353200000000000000e+04 1.520000000000000000e+04
1.441500000000000000e+04 1.533000000000000000e+04
1.152500000000000000e+04 1.539500000000000000e+04
1.103600000000000000e+04 1.344800000000000000e+04
1.539700000000000000e+04 1.203800000000000000e+04
1.244200000000000000e+04 1.078100000000000000e+04
1.078100000000000000e+04 1.055300000000000000e+04
1.511800000000000000e+04 1.171900000000000000e+04
1.171900000000000000e+04 1.449900000000000000e+04
1.126800000000000000e+04 1.084900000000000000e+04
1.271500000000000000e+04 8.881000000000000000e+03
1.219700000000000000e+04 1.546800000000000000e+04
1.546800000000000000e+04 1.546900000000000000e+04
1.075400000000000000e+04 8.266000000000000000e+03
8.266000000000000000e+03 1.147600000000000000e+04
1.147600000000000000e+04 1.539100000000000000e+04
1.539100000000000000e+04 1.243600000000000000e+04
1.243600000000000000e+04 9.544000000000000000e+03
1.249500000000000000e+04 1.191100000000000000e+04
1.552000000000000000e+04 1.201300000000000000e+04
1.201300000000000000e+04 1.464700000000000000e+04
1.464700000000000000e+04 1.546600000000000000e+04
1.438900000000000000e+04 1.048800000000000000e+04
1.552500000000000000e+04 1.373100000000000000e+04
9.780000000000000000e+03 1.205600000000000000e+04
8.675000000000000000e+03 1.295800000000000000e+04
1.103900000000000000e+04 1.283300000000000000e+04
1.283300000000000000e+04 8.373000000000000000e+03
1.247500000000000000e+04 1.037100000000000000e+04
1.037100000000000000e+04 9.588000000000000000e+03
1.371000000000000000e+04 1.369200000000000000e+04
1.083600000000000000e+04 1.571400000000000000e+04
1.571400000000000000e+04 1.505500000000000000e+04
9.441000000000000000e+03 1.331700000000000000e+04
1.331700000000000000e+04 1.027500000000000000e+04
1.173700000000000000e+04 9.082000000000000000e+03
9.082000000000000000e+03 1.351800000000000000e+04
1.571500000000000000e+04 8.648000000000000000e+03
8.648000000000000000e+03 1.571900000000000000e+04
9.288000000000000000e+03 8.417000000000000000e+03
8.417000000000000000e+03 9.956000000000000000e+03
9.956000000000000000e+03 1.350800000000000000e+04
9.589000000000000000e+03 1.341200000000000000e+04
8.883000000000000000e+03 1.270200000000000000e+04
1.270200000000000000e+04 8.605000000000000000e+03
8.605000000000000000e+03 1.578200000000000000e+04
1.578200000000000000e+04 1.532300000000000000e+04
1.532300000000000000e+04 1.402700000000000000e+04
1.492700000000000000e+04 1.378700000000000000e+04
1.378700000000000000e+04 1.073800000000000000e+04
1.096100000000000000e+04 1.384800000000000000e+04
1.201500000000000000e+04 9.190000000000000000e+03
9.190000000000000000e+03 9.182000000000000000e+03
1.358000000000000000e+04 8.606000000000000000e+03
1.538100000000000000e+04 9.477000000000000000e+03
1.503900000000000000e+04 1.369300000000000000e+04
8.893000000000000000e+03 1.581800000000000000e+04
1.337600000000000000e+04 1.476500000000000000e+04
8.376000000000000000e+03 1.302900000000000000e+04
1.586900000000000000e+04 1.036100000000000000e+04
1.036100000000000000e+04 1.044300000000000000e+04
1.581200000000000000e+04 1.383700000000000000e+04
1.383700000000000000e+04 1.588800000000000000e+04
1.118300000000000000e+04 1.260600000000000000e+04
1.260600000000000000e+04 1.202700000000000000e+04
1.202700000000000000e+04 1.157900000000000000e+04
1.157900000000000000e+04 1.293800000000000000e+04
1.593500000000000000e+04 1.241300000000000000e+04
1.593600000000000000e+04 1.184800000000000000e+04
1.146000000000000000e+04 1.540500000000000000e+04
1.052600000000000000e+04 1.077300000000000000e+04
9.382000000000000000e+03 9.549000000000000000e+03
9.549000000000000000e+03 1.316100000000000000e+04
1.316100000000000000e+04 1.597300000000000000e+04
1.469700000000000000e+04 1.361100000000000000e+04
1.361100000000000000e+04 1.341900000000000000e+04
1.386800000000000000e+04 1.292700000000000000e+04
9.183000000000000000e+03 1.262700000000000000e+04
1.507500000000000000e+04 1.214900000000000000e+04
1.304400000000000000e+04 1.348000000000000000e+04
1.348000000000000000e+04 1.602200000000000000e+04
1.602200000000000000e+04 8.721000000000000000e+03
8.721000000000000000e+03 1.072600000000000000e+04
1.126100000000000000e+04 1.455300000000000000e+04
1.455300000000000000e+04 1.342800000000000000e+04
1.342800000000000000e+04 1.247600000000000000e+04
1.445000000000000000e+04 1.580900000000000000e+04
1.606900000000000000e+04 9.752000000000000000e+03
9.752000000000000000e+03 1.131700000000000000e+04
1.131700000000000000e+04 1.095500000000000000e+04
1.095500000000000000e+04 1.388900000000000000e+04
1.388900000000000000e+04 8.831000000000000000e+03
8.831000000000000000e+03 1.120200000000000000e+04
1.373700000000000000e+04 1.085100000000000000e+04
1.609300000000000000e+04 1.067200000000000000e+04
1.522200000000000000e+04 1.402300000000000000e+04
1.112300000000000000e+04 1.493600000000000000e+04
1.505100000000000000e+04 1.603800000000000000e+04
1.036500000000000000e+04 1.135000000000000000e+04
1.135000000000000000e+04 1.615400000000000000e+04
1.615900000000000000e+04 1.291500000000000000e+04
1.291500000000000000e+04 1.498400000000000000e+04
1.214300000000000000e+04 1.375000000000000000e+04
1.375000000000000000e+04 8.241000000000000000e+03
1.588000000000000000e+04 1.074000000000000000e+04
1.074000000000000000e+04 8.286000000000000000e+03
1.234800000000000000e+04 1.250900000000000000e+04
1.250900000000000000e+04 9.326000000000000000e+03
9.326000000000000000e+03 1.621800000000000000e+04
1.101000000000000000e+04 1.259200000000000000e+04
1.168700000000000000e+04 8.964000000000000000e+03
8.964000000000000000e+03 1.023800000000000000e+04
8.259000000000000000e+03 1.081100000000000000e+04
1.624300000000000000e+04 1.443700000000000000e+04
1.446400000000000000e+04 9.290000000000000000e+03
9.290000000000000000e+03 1.201700000000000000e+04
1.451800000000000000e+04 1.433500000000000000e+04
1.225100000000000000e+04 1.111700000000000000e+04
1.111700000000000000e+04 1.310000000000000000e+04
1.310000000000000000e+04 8.794000000000000000e+03
1.566500000000000000e+04 1.185400000000000000e+04
1.185400000000000000e+04 1.007400000000000000e+04
8.610000000000000000e+03 1.296300000000000000e+04
1.296300000000000000e+04 1.264600000000000000e+04
1.327600000000000000e+04 1.233200000000000000e+04
1.233200000000000000e+04 1.396000000000000000e+04
1.396000000000000000e+04 1.041400000000000000e+04
1.041400000000000000e+04 1.272700000000000000e+04
1.215500000000000000e+04 1.083800000000000000e+04
1.579400000000000000e+04 1.615800000000000000e+04
1.630200000000000000e+04 1.211800000000000000e+04
1.078800000000000000e+04 1.443800000000000000e+04
1.087100000000000000e+04 1.064100000000000000e+04
1.064100000000000000e+04 1.568900000000000000e+04
1.332100000000000000e+04 1.606800000000000000e+04
1.403800000000000000e+04 8.650000000000000000e+03
1.153800000000000000e+04 1.300200000000000000e+04
1.364600000000000000e+04 8.386000000000000000e+03
8.809000000000000000e+03 1.267600000000000000e+04
1.267600000000000000e+04 1.614400000000000000e+04
8.833000000000000000e+03 9.292000000000000000e+03
1.522400000000000000e+04 1.218400000000000000e+04
1.218400000000000000e+04 1.385200000000000000e+04
1.385200000000000000e+04 1.304800000000000000e+04
1.304800000000000000e+04 1.447800000000000000e+04
1.059800000000000000e+04 1.111800000000000000e+04
1.451900000000000000e+04 1.538600000000000000e+04
1.538600000000000000e+04 1.096400000000000000e+04
1.639000000000000000e+04 1.566600000000000000e+04
1.566600000000000000e+04 1.017700000000000000e+04
1.017700000000000000e+04 9.240000000000000000e+03
1.441900000000000000e+04 1.002700000000000000e+04
1.339000000000000000e+04 1.639400000000000000e+04
1.165400000000000000e+04 1.210100000000000000e+04
1.633600000000000000e+04 1.640700000000000000e+04
1.231900000000000000e+04 8.726000000000000000e+03
1.047300000000000000e+04 1.114600000000000000e+04
8.439000000000000000e+03 1.370300000000000000e+04
1.543200000000000000e+04 1.485400000000000000e+04
1.485400000000000000e+04 1.511300000000000000e+04
1.152000000000000000e+04 8.260000000000000000e+03
8.260000000000000000e+03 1.473300000000000000e+04
1.473300000000000000e+04 1.394500000000000000e+04
1.394500000000000000e+04 9.390000000000000000e+03
1.648300000000000000e+04 1.649300000000000000e+04
1.652600000000000000e+04 1.653100000000000000e+04
1.662700000000000000e+04 1.663900000000000000e+04
1.689400000000000000e+04 1.689700000000000000e+04
1.689700000000000000e+04 1.690000000000000000e+04
1.690000000000000000e+04 1.690200000000000000e+04
1.690200000000000000e+04 1.690500000000000000e+04
1.690500000000000000e+04 1.693200000000000000e+04
1.723700000000000000e+04 1.723800000000000000e+04
1.644200000000000000e+04 1.735000000000000000e+04
1.736900000000000000e+04 1.737700000000000000e+04
1.738200000000000000e+04 1.739400000000000000e+04
1.749900000000000000e+04 1.750200000000000000e+04
1.754200000000000000e+04 1.755200000000000000e+04
1.757400000000000000e+04 1.759000000000000000e+04
1.762900000000000000e+04 1.763700000000000000e+04
1.767900000000000000e+04 1.769100000000000000e+04
1.769100000000000000e+04 1.680400000000000000e+04
1.771400000000000000e+04 1.771900000000000000e+04
1.772100000000000000e+04 1.772900000000000000e+04
1.710100000000000000e+04 1.777200000000000000e+04
1.777200000000000000e+04 1.777600000000000000e+04
1.644300000000000000e+04 1.794500000000000000e+04
1.794500000000000000e+04 1.795600000000000000e+04
1.760500000000000000e+04 1.801600000000000000e+04
1.803000000000000000e+04 1.803600000000000000e+04
1.805600000000000000e+04 1.805800000000000000e+04
1.839300000000000000e+04 1.839600000000000000e+04
1.841500000000000000e+04 1.842100000000000000e+04
1.850100000000000000e+04 1.850200000000000000e+04
1.876300000000000000e+04 1.876800000000000000e+04
1.877300000000000000e+04 1.878100000000000000e+04
1.701000000000000000e+04 1.721100000000000000e+04
1.915800000000000000e+04 1.916200000000000000e+04
1.924300000000000000e+04 1.924900000000000000e+04
1.924900000000000000e+04 1.925600000000000000e+04
1.925900000000000000e+04 1.886500000000000000e+04
1.947100000000000000e+04 1.947400000000000000e+04
1.955800000000000000e+04 1.955900000000000000e+04
1.796700000000000000e+04 1.852400000000000000e+04
1.852400000000000000e+04 1.704900000000000000e+04
1.964400000000000000e+04 1.964500000000000000e+04
1.798700000000000000e+04 1.694000000000000000e+04
1.690600000000000000e+04 1.970400000000000000e+04
1.798800000000000000e+04 1.916700000000000000e+04
1.916700000000000000e+04 1.985900000000000000e+04
1.985900000000000000e+04 1.986500000000000000e+04
1.992900000000000000e+04 1.993800000000000000e+04
1.993800000000000000e+04 1.993900000000000000e+04
1.994600000000000000e+04 1.995200000000000000e+04
1.770500000000000000e+04 1.961300000000000000e+04
1.961300000000000000e+04 2.003000000000000000e+04
2.003000000000000000e+04 2.004000000000000000e+04
2.004000000000000000e+04 1.764700000000000000e+04
1.757500000000000000e+04 1.689000000000000000e+04
1.689000000000000000e+04 2.028500000000000000e+04
2.050300000000000000e+04 2.050600000000000000e+04
2.050600000000000000e+04 2.050900000000000000e+04
1.701400000000000000e+04 2.011800000000000000e+04
2.011800000000000000e+04 1.756400000000000000e+04
1.756400000000000000e+04 2.052800000000000000e+04
1.933000000000000000e+04 2.075000000000000000e+04
2.077100000000000000e+04 2.077300000000000000e+04
1.868300000000000000e+04 1.668700000000000000e+04
1.668700000000000000e+04 2.086800000000000000e+04
2.086800000000000000e+04 1.701500000000000000e+04
2.090800000000000000e+04 2.091100000000000000e+04
2.091100000000000000e+04 2.091200000000000000e+04
2.023500000000000000e+04 2.105200000000000000e+04
2.105200000000000000e+04 2.105500000000000000e+04
2.088300000000000000e+04 1.701600000000000000e+04
2.115400000000000000e+04 2.115700000000000000e+04
2.115700000000000000e+04 1.729500000000000000e+04
1.729500000000000000e+04 1.690800000000000000e+04
2.086900000000000000e+04 2.115900000000000000e+04
2.115900000000000000e+04 1.695100000000000000e+04
1.695100000000000000e+04 1.939400000000000000e+04
2.116400000000000000e+04 1.791300000000000000e+04
1.791300000000000000e+04 2.089300000000000000e+04
2.132800000000000000e+04 1.857600000000000000e+04
1.957800000000000000e+04 2.147200000000000000e+04
2.158500000000000000e+04 2.159000000000000000e+04
1.905800000000000000e+04 2.161300000000000000e+04
2.141700000000000000e+04 1.994400000000000000e+04
2.184300000000000000e+04 1.661000000000000000e+04
1.658400000000000000e+04 2.186800000000000000e+04
2.069800000000000000e+04 2.192000000000000000e+04
2.192100000000000000e+04 1.827800000000000000e+04
2.178200000000000000e+04 2.181700000000000000e+04
2.200400000000000000e+04 1.646000000000000000e+04
1.792600000000000000e+04 2.126100000000000000e+04
2.126100000000000000e+04 2.202800000000000000e+04
2.204700000000000000e+04 1.967500000000000000e+04
1.967500000000000000e+04 1.799100000000000000e+04
1.893000000000000000e+04 1.727500000000000000e+04
2.214100000000000000e+04 2.214400000000000000e+04
2.214400000000000000e+04 1.983700000000000000e+04
1.983700000000000000e+04 1.691300000000000000e+04
2.000100000000000000e+04 2.214600000000000000e+04
1.970500000000000000e+04 2.182700000000000000e+04
2.182700000000000000e+04 1.670800000000000000e+04
1.960000000000000000e+04 2.109700000000000000e+04
2.109700000000000000e+04 1.750700000000000000e+04
1.750700000000000000e+04 1.814200000000000000e+04
2.026200000000000000e+04 1.732900000000000000e+04
1.732900000000000000e+04 1.975300000000000000e+04
2.213100000000000000e+04 2.184800000000000000e+04
2.257300000000000000e+04 2.257400000000000000e+04
2.083900000000000000e+04 1.663100000000000000e+04
2.078500000000000000e+04 1.934100000000000000e+04
1.934100000000000000e+04 2.188800000000000000e+04
2.117600000000000000e+04 2.254700000000000000e+04
1.813700000000000000e+04 1.748300000000000000e+04
2.279900000000000000e+04 2.003400000000000000e+04
2.003400000000000000e+04 1.702600000000000000e+04
1.702700000000000000e+04 1.711600000000000000e+04
2.074700000000000000e+04 2.001300000000000000e+04
2.293300000000000000e+04 2.198500000000000000e+04
2.198500000000000000e+04 2.263500000000000000e+04
2.263500000000000000e+04 2.293400000000000000e+04
1.737100000000000000e+04 2.300400000000000000e+04
2.300400000000000000e+04 1.644700000000000000e+04
2.303200000000000000e+04 2.296800000000000000e+04
2.296800000000000000e+04 2.096800000000000000e+04
2.099100000000000000e+04 2.303400000000000000e+04
1.734500000000000000e+04 1.925100000000000000e+04
1.925100000000000000e+04 1.906000000000000000e+04
1.906000000000000000e+04 1.804400000000000000e+04
2.230000000000000000e+04 1.726800000000000000e+04
2.306900000000000000e+04 2.282400000000000000e+04
2.044500000000000000e+04 2.221500000000000000e+04
2.221500000000000000e+04 2.245900000000000000e+04
1.745800000000000000e+04 1.710500000000000000e+04
1.710500000000000000e+04 2.312800000000000000e+04
2.312800000000000000e+04 2.313300000000000000e+04
2.313300000000000000e+04 1.951900000000000000e+04
2.314100000000000000e+04 2.314300000000000000e+04
1.650100000000000000e+04 1.699600000000000000e+04
1.699600000000000000e+04 1.909400000000000000e+04
1.909400000000000000e+04 1.985700000000000000e+04
1.985700000000000000e+04 1.757800000000000000e+04
1.756600000000000000e+04 2.303600000000000000e+04
2.330800000000000000e+04 2.331400000000000000e+04
1.782300000000000000e+04 2.030400000000000000e+04
2.303000000000000000e+04 1.786200000000000000e+04
2.158700000000000000e+04 1.782400000000000000e+04
1.782400000000000000e+04 2.077800000000000000e+04
2.077800000000000000e+04 1.769400000000000000e+04
1.672800000000000000e+04 1.778800000000000000e+04
1.956800000000000000e+04 1.784500000000000000e+04
1.757900000000000000e+04 2.152400000000000000e+04
2.152400000000000000e+04 1.892400000000000000e+04
1.892400000000000000e+04 2.339600000000000000e+04
2.339600000000000000e+04 2.292500000000000000e+04
1.967100000000000000e+04 2.116500000000000000e+04
2.116500000000000000e+04 1.841700000000000000e+04
1.841700000000000000e+04 1.796200000000000000e+04
2.322300000000000000e+04 2.143200000000000000e+04
2.298900000000000000e+04 1.737200000000000000e+04
1.737300000000000000e+04 1.872600000000000000e+04
1.872600000000000000e+04 2.344600000000000000e+04
2.344600000000000000e+04 2.088800000000000000e+04
2.088800000000000000e+04 1.703200000000000000e+04
1.703200000000000000e+04 1.917500000000000000e+04
2.355200000000000000e+04 2.355300000000000000e+04
2.017400000000000000e+04 2.240100000000000000e+04
2.359900000000000000e+04 1.943600000000000000e+04
1.943600000000000000e+04 1.721700000000000000e+04
1.721700000000000000e+04 1.901100000000000000e+04
2.229200000000000000e+04 2.162400000000000000e+04
2.362600000000000000e+04 2.227500000000000000e+04
2.193100000000000000e+04 1.930500000000000000e+04
1.756700000000000000e+04 2.030500000000000000e+04
2.030500000000000000e+04 2.362900000000000000e+04
2.328800000000000000e+04 1.797300000000000000e+04
1.934300000000000000e+04 2.367000000000000000e+04
2.209700000000000000e+04 2.311500000000000000e+04
2.311500000000000000e+04 1.723900000000000000e+04
2.350400000000000000e+04 2.176800000000000000e+04
2.277500000000000000e+04 1.853100000000000000e+04
2.246000000000000000e+04 2.024200000000000000e+04
2.024200000000000000e+04 2.375000000000000000e+04
2.024300000000000000e+04 1.877100000000000000e+04
2.356000000000000000e+04 2.376400000000000000e+04
1.842400000000000000e+04 2.336100000000000000e+04
2.336100000000000000e+04 1.938200000000000000e+04
1.791500000000000000e+04 2.212800000000000000e+04
2.212800000000000000e+04 2.384300000000000000e+04
2.384300000000000000e+04 1.808500000000000000e+04
1.808500000000000000e+04 2.290400000000000000e+04
1.734700000000000000e+04 2.012000000000000000e+04
1.974600000000000000e+04 1.681000000000000000e+04
1.681000000000000000e+04 1.654800000000000000e+04
1.654800000000000000e+04 1.859400000000000000e+04
1.859400000000000000e+04 2.385000000000000000e+04
2.137800000000000000e+04 1.872800000000000000e+04
1.766500000000000000e+04 2.120100000000000000e+04
1.791600000000000000e+04 1.692000000000000000e+04
1.672300000000000000e+04 2.301700000000000000e+04
2.301700000000000000e+04 2.344800000000000000e+04
1.869900000000000000e+04 2.028000000000000000e+04
1.703600000000000000e+04 1.874400000000000000e+04
1.671000000000000000e+04 2.293900000000000000e+04
1.874500000000000000e+04 1.965700000000000000e+04
2.396900000000000000e+04 2.181900000000000000e+04
2.365700000000000000e+04 2.386700000000000000e+04
1.782700000000000000e+04 2.160500000000000000e+04
2.160500000000000000e+04 1.737500000000000000e+04
1.737500000000000000e+04 1.813300000000000000e+04
2.313000000000000000e+04 1.813400000000000000e+04
1.730600000000000000e+04 1.649100000000000000e+04
1.839000000000000000e+04 1.696500000000000000e+04
1.696500000000000000e+04 2.191800000000000000e+04
2.191800000000000000e+04 1.855700000000000000e+04
1.855700000000000000e+04 2.406000000000000000e+04
2.387700000000000000e+04 1.933600000000000000e+04
2.207300000000000000e+04 1.706500000000000000e+04
1.819900000000000000e+04 1.919100000000000000e+04
2.215900000000000000e+04 2.150800000000000000e+04
2.150800000000000000e+04 1.971100000000000000e+04
1.943800000000000000e+04 2.269400000000000000e+04
2.136700000000000000e+04 2.167500000000000000e+04
1.698700000000000000e+04 2.068800000000000000e+04
1.904600000000000000e+04 1.844300000000000000e+04
1.844300000000000000e+04 2.201100000000000000e+04
2.201100000000000000e+04 2.005500000000000000e+04
2.110400000000000000e+04 2.415000000000000000e+04
2.415100000000000000e+04 1.917000000000000000e+04
1.917000000000000000e+04 2.415300000000000000e+04
2.419000000000000000e+04 1.692400000000000000e+04
1.692400000000000000e+04 2.280200000000000000e+04
2.280200000000000000e+04 2.419200000000000000e+04
1.815100000000000000e+04 2.233300000000000000e+04
1.832300000000000000e+04 1.746600000000000000e+04
1.746600000000000000e+04 2.198900000000000000e+04
2.198900000000000000e+04 2.046200000000000000e+04
1.993600000000000000e+04 1.888800000000000000e+04
1.888800000000000000e+04 2.137600000000000000e+04
2.421700000000000000e+04 2.251900000000000000e+04
2.144600000000000000e+04 2.064400000000000000e+04
2.064400000000000000e+04 2.190400000000000000e+04
1.884000000000000000e+04 2.421800000000000000e+04
2.280300000000000000e+04 1.987400000000000000e+04
2.032300000000000000e+04 2.417200000000000000e+04
2.422900000000000000e+04 1.667600000000000000e+04
2.270800000000000000e+04 2.423000000000000000e+04
1.854100000000000000e+04 1.767800000000000000e+04
2.425400000000000000e+04 1.899400000000000000e+04
1.801000000000000000e+04 1.851200000000000000e+04
2.426100000000000000e+04 1.959700000000000000e+04
1.973700000000000000e+04 1.791900000000000000e+04
1.688200000000000000e+04 2.426700000000000000e+04
2.426700000000000000e+04 2.258000000000000000e+04
1.968700000000000000e+04 2.428000000000000000e+04
1.684500000000000000e+04 1.914500000000000000e+04
1.914500000000000000e+04 1.739300000000000000e+04
1.739300000000000000e+04 2.429100000000000000e+04
2.430600000000000000e+04 2.430700000000000000e+04
2.430700000000000000e+04 2.304900000000000000e+04
1.660300000000000000e+04 1.916100000000000000e+04
1.916100000000000000e+04 1.811400000000000000e+04
2.261200000000000000e+04 2.011500000000000000e+04
2.011500000000000000e+04 1.983500000000000000e+04
1.983500000000000000e+04 1.746800000000000000e+04
2.178600000000000000e+04 2.060900000000000000e+04
2.432700000000000000e+04 1.683500000000000000e+04
2.110500000000000000e+04 2.366400000000000000e+04
2.189000000000000000e+04 2.433900000000000000e+04
2.433900000000000000e+04 1.951400000000000000e+04
1.729200000000000000e+04 2.435600000000000000e+04
1.744700000000000000e+04 1.992800000000000000e+04
2.134000000000000000e+04 1.689900000000000000e+04
1.689900000000000000e+04 2.265900000000000000e+04
1.840700000000000000e+04 1.706700000000000000e+04
1.706700000000000000e+04 1.946900000000000000e+04
1.946900000000000000e+04 2.206700000000000000e+04
2.206700000000000000e+04 2.399400000000000000e+04
1.657500000000000000e+04 2.139600000000000000e+04
2.139600000000000000e+04 2.016300000000000000e+04
1.671200000000000000e+04 2.271300000000000000e+04
2.128300000000000000e+04 1.737600000000000000e+04
2.079000000000000000e+04 1.699000000000000000e+04
2.409600000000000000e+04 1.812100000000000000e+04
1.812100000000000000e+04 1.801300000000000000e+04
1.926100000000000000e+04 1.977700000000000000e+04
1.660400000000000000e+04 2.438700000000000000e+04
1.777800000000000000e+04 2.344200000000000000e+04
2.344200000000000000e+04 1.810800000000000000e+04
1.884300000000000000e+04 2.417900000000000000e+04
2.275900000000000000e+04 2.203100000000000000e+04
2.236400000000000000e+04 1.796500000000000000e+04
1.755100000000000000e+04 2.254500000000000000e+04
2.254500000000000000e+04 1.762500000000000000e+04
2.442200000000000000e+04 2.081600000000000000e+04
2.263300000000000000e+04 2.347000000000000000e+04
1.939900000000000000e+04 2.049400000000000000e+04
2.049400000000000000e+04 2.325400000000000000e+04
2.325400000000000000e+04 2.443000000000000000e+04
