6.540000000000000000e+02 7.180000000000000000e+02 1.477000000000000000e+03 1.479000000000000000e+03
1.478000000000000000e+03 3.790000000000000000e+02 1.980000000000000000e+03 4.000000000000000000e+02
2.402000000000000000e+03 1.449000000000000000e+03 2.410000000000000000e+03 2.419000000000000000e+03
2.448000000000000000e+03 2.452000000000000000e+03 2.454000000000000000e+03 1.010000000000000000e+02
2.844000000000000000e+03 2.440000000000000000e+02 3.200000000000000000e+01 2.848000000000000000e+03
3.074000000000000000e+03 1.007000000000000000e+03 3.077000000000000000e+03 3.082000000000000000e+03
1.960000000000000000e+03 3.432000000000000000e+03 3.168000000000000000e+03 3.440000000000000000e+03
3.564000000000000000e+03 3.566000000000000000e+03 3.569000000000000000e+03 1.587000000000000000e+03
3.830000000000000000e+03 3.831000000000000000e+03 3.834000000000000000e+03 3.835000000000000000e+03
2.778000000000000000e+03 3.728000000000000000e+03 3.903000000000000000e+03 3.909000000000000000e+03
2.266000000000000000e+03 2.304000000000000000e+03 1.342000000000000000e+03 4.390000000000000000e+02
4.145000000000000000e+03 4.820000000000000000e+02 3.875000000000000000e+03 4.146000000000000000e+03
3.875000000000000000e+03 4.146000000000000000e+03 4.147000000000000000e+03 3.071000000000000000e+03
1.407000000000000000e+03 4.229000000000000000e+03 3.196000000000000000e+03 4.233000000000000000e+03
2.981000000000000000e+03 1.761000000000000000e+03 4.447000000000000000e+03 3.902000000000000000e+03
4.568000000000000000e+03 4.577000000000000000e+03 3.699000000000000000e+03 3.298000000000000000e+03
3.699000000000000000e+03 3.298000000000000000e+03 2.708000000000000000e+03 4.581000000000000000e+03
4.592000000000000000e+03 2.856000000000000000e+03 4.597000000000000000e+03 3.389000000000000000e+03
1.491000000000000000e+03 3.613000000000000000e+03 3.433000000000000000e+03 3.226000000000000000e+03
3.433000000000000000e+03 3.226000000000000000e+03 4.920000000000000000e+03 3.660000000000000000e+02
4.458000000000000000e+03 4.932000000000000000e+03 3.878000000000000000e+03 1.724000000000000000e+03
4.940000000000000000e+03 4.943000000000000000e+03 3.894000000000000000e+03 4.945000000000000000e+03
1.535000000000000000e+03 2.863000000000000000e+03 9.920000000000000000e+02 1.580000000000000000e+03
5.094000000000000000e+03 2.749000000000000000e+03 4.606000000000000000e+03 1.076000000000000000e+03
4.909000000000000000e+03 1.767000000000000000e+03 5.123000000000000000e+03 1.088000000000000000e+03
5.123000000000000000e+03 1.088000000000000000e+03 5.131000000000000000e+03 4.437000000000000000e+03
4.827000000000000000e+03 5.165000000000000000e+03 1.789000000000000000e+03 5.167000000000000000e+03
5.181000000000000000e+03 1.740000000000000000e+02 3.098000000000000000e+03 5.184000000000000000e+03
3.098000000000000000e+03 5.184000000000000000e+03 3.148000000000000000e+03 3.540000000000000000e+03
5.332000000000000000e+03 3.041000000000000000e+03 5.920000000000000000e+02 5.334000000000000000e+03
5.920000000000000000e+02 5.334000000000000000e+03 5.336000000000000000e+03 5.200000000000000000e+01
5.580000000000000000e+03 5.581000000000000000e+03 3.700000000000000000e+03 1.089000000000000000e+03
3.700000000000000000e+03 1.089000000000000000e+03 5.585000000000000000e+03 3.299000000000000000e+03
5.585000000000000000e+03 3.299000000000000000e+03 5.587000000000000000e+03 6.980000000000000000e+02
9.160000000000000000e+02 5.606000000000000000e+03 5.611000000000000000e+03 5.614000000000000000e+03
1.096000000000000000e+03 2.165000000000000000e+03 1.292000000000000000e+03 3.413000000000000000e+03
7.200000000000000000e+02 3.257000000000000000e+03 2.522000000000000000e+03 1.340000000000000000e+02
4.660000000000000000e+02 3.493000000000000000e+03 2.864000000000000000e+03 1.530000000000000000e+02
5.646000000000000000e+03 4.992000000000000000e+03 5.651000000000000000e+03 1.240000000000000000e+02
5.695000000000000000e+03 3.083000000000000000e+03 5.021000000000000000e+03 5.124000000000000000e+03
1.701000000000000000e+03 2.798000000000000000e+03 5.811000000000000000e+03 1.537000000000000000e+03
4.867000000000000000e+03 3.414000000000000000e+03 5.678000000000000000e+03 3.406000000000000000e+03
5.836000000000000000e+03 5.841000000000000000e+03 5.842000000000000000e+03 4.533000000000000000e+03
3.372000000000000000e+03 1.080000000000000000e+03 5.916000000000000000e+03 1.124000000000000000e+03
5.916000000000000000e+03 1.124000000000000000e+03 1.653000000000000000e+03 1.686000000000000000e+03
3.680000000000000000e+03 5.718000000000000000e+03 5.542000000000000000e+03 1.030000000000000000e+02
5.542000000000000000e+03 1.030000000000000000e+02 3.600000000000000000e+01 5.399000000000000000e+03
5.022000000000000000e+03 5.976000000000000000e+03 1.762000000000000000e+03 1.935000000000000000e+03
6.243000000000000000e+03 3.870000000000000000e+03 1.717000000000000000e+03 5.532000000000000000e+03
6.255000000000000000e+03 2.040000000000000000e+03 4.459000000000000000e+03 6.260000000000000000e+03
4.459000000000000000e+03 6.260000000000000000e+03 6.265000000000000000e+03 3.967000000000000000e+03
4.881000000000000000e+03 6.163000000000000000e+03 7.290000000000000000e+02 6.290000000000000000e+03
5.472000000000000000e+03 5.183000000000000000e+03 2.179000000000000000e+03 2.357000000000000000e+03
5.323000000000000000e+03 6.320000000000000000e+03 2.143000000000000000e+03 2.536000000000000000e+03
2.143000000000000000e+03 2.536000000000000000e+03 4.817000000000000000e+03 2.939000000000000000e+03
6.487000000000000000e+03 9.820000000000000000e+02 3.016000000000000000e+03 6.493000000000000000e+03
6.483000000000000000e+03 4.882000000000000000e+03 6.370000000000000000e+03 4.453000000000000000e+03
4.331000000000000000e+03 4.616000000000000000e+03 5.442000000000000000e+03 6.686000000000000000e+03
2.212000000000000000e+03 3.804000000000000000e+03 6.689000000000000000e+03 4.348000000000000000e+03
6.689000000000000000e+03 4.348000000000000000e+03 1.230000000000000000e+03 6.692000000000000000e+03
1.230000000000000000e+03 6.692000000000000000e+03 6.694000000000000000e+03 5.363000000000000000e+03
6.680000000000000000e+03 1.608000000000000000e+03 6.695000000000000000e+03 5.360000000000000000e+02
6.697000000000000000e+03 1.453000000000000000e+03 3.080000000000000000e+03 2.823000000000000000e+03
2.420000000000000000e+03 2.800000000000000000e+03 4.902000000000000000e+03 6.716000000000000000e+03
6.737000000000000000e+03 3.173000000000000000e+03 3.663000000000000000e+03 6.228000000000000000e+03
3.663000000000000000e+03 6.228000000000000000e+03 3.784000000000000000e+03 6.743000000000000000e+03
4.722000000000000000e+03 6.751000000000000000e+03 6.754000000000000000e+03 2.119000000000000000e+03
5.850000000000000000e+02 4.870000000000000000e+03 6.798000000000000000e+03 6.038000000000000000e+03
1.368000000000000000e+03 2.069000000000000000e+03 8.500000000000000000e+01 5.796000000000000000e+03
4.673000000000000000e+03 5.895000000000000000e+03 6.371000000000000000e+03 3.042000000000000000e+03
4.326000000000000000e+03 3.180000000000000000e+03 6.193000000000000000e+03 6.900000000000000000e+03
6.193000000000000000e+03 6.900000000000000000e+03 6.903000000000000000e+03 6.752000000000000000e+03
6.903000000000000000e+03 6.752000000000000000e+03 6.912000000000000000e+03 6.914000000000000000e+03
3.004000000000000000e+03 7.500000000000000000e+02 1.582000000000000000e+03 6.937000000000000000e+03
3.760000000000000000e+03 5.136000000000000000e+03 7.100000000000000000e+02 3.916000000000000000e+03
3.246000000000000000e+03 4.706000000000000000e+03 6.512000000000000000e+03 5.681000000000000000e+03
2.084000000000000000e+03 1.438000000000000000e+03 3.883000000000000000e+03 3.428000000000000000e+03
1.948000000000000000e+03 2.350000000000000000e+02 7.084000000000000000e+03 1.454000000000000000e+03
7.100000000000000000e+03 4.122000000000000000e+03 5.815000000000000000e+03 4.883000000000000000e+03
1.972000000000000000e+03 1.648000000000000000e+03 4.200000000000000000e+01 7.256000000000000000e+03
4.200000000000000000e+01 7.256000000000000000e+03 5.905000000000000000e+03 7.188000000000000000e+03
5.683000000000000000e+03 9.420000000000000000e+02 1.763000000000000000e+03 6.086000000000000000e+03
1.763000000000000000e+03 6.086000000000000000e+03 2.603000000000000000e+03 7.303000000000000000e+03
1.911000000000000000e+03 7.306000000000000000e+03 7.309000000000000000e+03 5.204000000000000000e+03
2.722000000000000000e+03 3.221000000000000000e+03 7.194000000000000000e+03 5.361000000000000000e+03
6.390000000000000000e+03 6.275000000000000000e+03 3.470000000000000000e+02 2.810000000000000000e+03
6.905000000000000000e+03 7.321000000000000000e+03 9.450000000000000000e+02 2.710000000000000000e+02
9.450000000000000000e+02 2.710000000000000000e+02 7.323000000000000000e+03 7.324000000000000000e+03
1.060000000000000000e+02 7.330000000000000000e+03 4.913000000000000000e+03 7.332000000000000000e+03
3.775000000000000000e+03 2.284000000000000000e+03 5.752000000000000000e+03 4.526000000000000000e+03
3.746000000000000000e+03 1.937000000000000000e+03 4.841000000000000000e+03 1.850000000000000000e+02
6.449000000000000000e+03 6.910000000000000000e+02 2.258000000000000000e+03 3.523000000000000000e+03
5.326000000000000000e+03 2.921000000000000000e+03 8.420000000000000000e+02 7.398000000000000000e+03
7.454000000000000000e+03 9.840000000000000000e+02 3.449000000000000000e+03 4.820000000000000000e+03
1.194000000000000000e+03 6.711000000000000000e+03 4.187000000000000000e+03 4.693000000000000000e+03
2.070000000000000000e+02 5.637000000000000000e+03 4.006000000000000000e+03 4.904000000000000000e+03
2.963000000000000000e+03 7.526000000000000000e+03 6.244000000000000000e+03 1.135000000000000000e+03
7.252000000000000000e+03 7.281000000000000000e+03 3.480000000000000000e+02 1.269000000000000000e+03
1.400000000000000000e+01 2.789000000000000000e+03 6.581000000000000000e+03 5.740000000000000000e+02
7.577000000000000000e+03 1.413000000000000000e+03 7.040000000000000000e+03 1.508000000000000000e+03
7.040000000000000000e+03 1.508000000000000000e+03 1.440000000000000000e+03 6.635000000000000000e+03
6.591000000000000000e+03 4.270000000000000000e+03 4.357000000000000000e+03 7.578000000000000000e+03
1.621000000000000000e+03 4.240000000000000000e+02 4.788000000000000000e+03 7.579000000000000000e+03
5.662000000000000000e+03 7.596000000000000000e+03 1.912000000000000000e+03 3.409000000000000000e+03
2.324000000000000000e+03 4.039000000000000000e+03 4.888000000000000000e+03 7.607000000000000000e+03
2.700000000000000000e+01 7.570000000000000000e+03 1.746000000000000000e+03 7.655000000000000000e+03
7.664000000000000000e+03 6.013000000000000000e+03 7.665000000000000000e+03 5.230000000000000000e+02
3.720000000000000000e+03 7.680000000000000000e+03 7.160000000000000000e+03 5.174000000000000000e+03
7.503000000000000000e+03 1.787000000000000000e+03 1.386000000000000000e+03 5.715000000000000000e+03
5.960000000000000000e+02 7.709000000000000000e+03 2.931000000000000000e+03 6.422000000000000000e+03
5.570000000000000000e+03 5.680000000000000000e+02 4.112000000000000000e+03 7.723000000000000000e+03
7.401000000000000000e+03 1.460000000000000000e+02 6.562000000000000000e+03 5.540000000000000000e+02
2.876000000000000000e+03 7.619000000000000000e+03 4.279000000000000000e+03 6.740000000000000000e+03
4.678000000000000000e+03 4.965000000000000000e+03 7.026000000000000000e+03 3.873000000000000000e+03
7.026000000000000000e+03 3.873000000000000000e+03 7.605000000000000000e+03 7.754000000000000000e+03
2.650000000000000000e+02 7.469000000000000000e+03 5.312000000000000000e+03 7.585000000000000000e+03
5.312000000000000000e+03 7.585000000000000000e+03 5.440000000000000000e+02 2.174000000000000000e+03
5.440000000000000000e+02 2.174000000000000000e+03 4.660000000000000000e+03 1.364000000000000000e+03
5.318000000000000000e+03 7.772000000000000000e+03 7.773000000000000000e+03 5.030000000000000000e+02
3.410000000000000000e+03 5.663000000000000000e+03 1.782000000000000000e+03 5.547000000000000000e+03
7.776000000000000000e+03 5.719000000000000000e+03 5.231000000000000000e+03 5.617000000000000000e+03
7.784000000000000000e+03 2.233000000000000000e+03 2.877000000000000000e+03 7.286000000000000000e+03
2.877000000000000000e+03 7.286000000000000000e+03 3.209000000000000000e+03 1.023000000000000000e+03
7.790000000000000000e+03 5.529000000000000000e+03 4.559000000000000000e+03 6.370000000000000000e+02
6.373000000000000000e+03 7.450000000000000000e+03 9.100000000000000000e+01 7.764000000000000000e+03
9.100000000000000000e+01 7.764000000000000000e+03 7.820000000000000000e+03 6.795000000000000000e+03
5.175000000000000000e+03 4.150000000000000000e+03 3.980000000000000000e+02 7.089000000000000000e+03
3.980000000000000000e+02 7.089000000000000000e+03 7.157000000000000000e+03 4.155000000000000000e+03
4.648000000000000000e+03 7.866000000000000000e+03 4.362000000000000000e+03 7.340000000000000000e+02
1.374000000000000000e+03 7.871000000000000000e+03 6.857000000000000000e+03 3.500000000000000000e+02
2.582000000000000000e+03 5.414000000000000000e+03 7.880000000000000000e+03 3.948000000000000000e+03
4.633000000000000000e+03 6.600000000000000000e+03 5.444000000000000000e+03 4.470000000000000000e+02
6.600000000000000000e+01 7.648000000000000000e+03 5.205000000000000000e+03 2.800000000000000000e+01
7.890000000000000000e+03 5.589000000000000000e+03 1.415000000000000000e+03 7.224000000000000000e+03
2.262000000000000000e+03 4.280000000000000000e+02 5.843000000000000000e+03 3.730000000000000000e+02
5.843000000000000000e+03 3.730000000000000000e+02 6.280000000000000000e+02 3.231000000000000000e+03
1.999000000000000000e+03 1.773000000000000000e+03 7.907000000000000000e+03 7.387000000000000000e+03
5.450000000000000000e+02 3.355000000000000000e+03 3.648000000000000000e+03 7.915000000000000000e+03
5.070000000000000000e+02 7.928000000000000000e+03 7.929000000000000000e+03 1.051000000000000000e+03
7.929000000000000000e+03 1.051000000000000000e+03 4.363000000000000000e+03 7.930000000000000000e+03
7.736000000000000000e+03 3.034000000000000000e+03 7.259000000000000000e+03 3.998000000000000000e+03
7.259000000000000000e+03 3.998000000000000000e+03 5.034000000000000000e+03 1.585000000000000000e+03
5.034000000000000000e+03 1.585000000000000000e+03 2.124000000000000000e+03 3.211000000000000000e+03
2.990000000000000000e+02 3.750000000000000000e+02 6.664000000000000000e+03 4.896000000000000000e+03
6.664000000000000000e+03 4.896000000000000000e+03 2.860000000000000000e+02 3.697000000000000000e+03
7.984000000000000000e+03 1.071000000000000000e+03 7.215000000000000000e+03 7.692000000000000000e+03
7.067000000000000000e+03 6.051000000000000000e+03 6.533000000000000000e+03 5.016000000000000000e+03
3.193000000000000000e+03 2.555000000000000000e+03 2.493000000000000000e+03 5.464000000000000000e+03
6.723000000000000000e+03 3.889000000000000000e+03 4.671000000000000000e+03 3.821000000000000000e+03
1.072000000000000000e+03 4.546000000000000000e+03 2.226000000000000000e+03 5.924000000000000000e+03
8.054000000000000000e+03 3.233000000000000000e+03 7.276000000000000000e+03 2.345000000000000000e+03
7.276000000000000000e+03 2.345000000000000000e+03 8.055000000000000000e+03 7.582000000000000000e+03
4.625000000000000000e+03 8.056000000000000000e+03 3.087000000000000000e+03 5.527000000000000000e+03
3.087000000000000000e+03 5.527000000000000000e+03 6.264000000000000000e+03 1.768000000000000000e+03
5.980000000000000000e+03 2.870000000000000000e+02 3.021000000000000000e+03 8.061000000000000000e+03
4.009000000000000000e+03 6.596000000000000000e+03 1.915000000000000000e+03 2.550000000000000000e+02
5.610000000000000000e+03 5.423000000000000000e+03 8.550000000000000000e+02 7.795000000000000000e+03
3.035000000000000000e+03 5.260000000000000000e+02 9.100000000000000000e+02 8.097000000000000000e+03
9.100000000000000000e+02 8.097000000000000000e+03 8.064000000000000000e+03 2.494000000000000000e+03
8.064000000000000000e+03 2.494000000000000000e+03 1.142000000000000000e+03 1.659000000000000000e+03
2.338000000000000000e+03 7.989000000000000000e+03 3.703000000000000000e+03 3.599000000000000000e+03
3.703000000000000000e+03 3.599000000000000000e+03 2.132000000000000000e+03 3.510000000000000000e+02
8.139000000000000000e+03 5.914000000000000000e+03 8.140000000000000000e+03 8.122000000000000000e+03
1.840000000000000000e+03 3.814000000000000000e+03 4.084000000000000000e+03 5.080000000000000000e+02
7.973000000000000000e+03 2.409000000000000000e+03 4.601000000000000000e+03 1.985000000000000000e+03
4.601000000000000000e+03 1.985000000000000000e+03 2.557000000000000000e+03 6.410000000000000000e+03
2.557000000000000000e+03 6.410000000000000000e+03 2.854000000000000000e+03 8.150000000000000000e+03
8.084000000000000000e+03 7.551000000000000000e+03 6.658000000000000000e+03 8.184000000000000000e+03
1.919000000000000000e+03 6.432000000000000000e+03 8.196000000000000000e+03 2.816000000000000000e+03
8.196000000000000000e+03 2.816000000000000000e+03 8.197000000000000000e+03 9.520000000000000000e+02
8.197000000000000000e+03 9.520000000000000000e+02 6.994000000000000000e+03 2.725000000000000000e+03
6.994000000000000000e+03 2.725000000000000000e+03 5.445000000000000000e+03 4.379000000000000000e+03
5.445000000000000000e+03 4.379000000000000000e+03 2.804000000000000000e+03 6.498000000000000000e+03
6.469000000000000000e+03 6.673000000000000000e+03 6.924000000000000000e+03 7.210000000000000000e+03
8.463000000000000000e+03 8.471000000000000000e+03 8.483000000000000000e+03 8.490000000000000000e+03
8.483000000000000000e+03 8.490000000000000000e+03 8.492000000000000000e+03 8.501000000000000000e+03
8.757000000000000000e+03 8.761000000000000000e+03 8.764000000000000000e+03 8.766000000000000000e+03
9.556000000000000000e+03 9.558000000000000000e+03 9.568000000000000000e+03 9.569000000000000000e+03
9.973000000000000000e+03 9.976000000000000000e+03 9.980000000000000000e+03 9.987000000000000000e+03
9.462000000000000000e+03 1.093900000000000000e+04 1.094800000000000000e+04 9.168000000000000000e+03
1.094800000000000000e+04 9.168000000000000000e+03 1.095000000000000000e+04 9.132000000000000000e+03
1.105500000000000000e+04 9.392000000000000000e+03 8.733000000000000000e+03 9.831000000000000000e+03
9.796000000000000000e+03 9.815000000000000000e+03 1.122100000000000000e+04 1.123400000000000000e+04
1.137800000000000000e+04 8.493000000000000000e+03 1.091600000000000000e+04 1.138900000000000000e+04
1.091600000000000000e+04 1.138900000000000000e+04 1.066500000000000000e+04 1.140100000000000000e+04
1.148400000000000000e+04 1.148800000000000000e+04 8.958000000000000000e+03 1.149400000000000000e+04
1.157700000000000000e+04 1.158300000000000000e+04 1.158900000000000000e+04 8.494000000000000000e+03
1.194100000000000000e+04 1.194300000000000000e+04 9.775000000000000000e+03 1.195000000000000000e+04
1.201000000000000000e+04 9.598000000000000000e+03 1.202000000000000000e+04 1.202300000000000000e+04
1.128900000000000000e+04 1.194500000000000000e+04 1.239800000000000000e+04 1.240100000000000000e+04
1.239800000000000000e+04 1.240100000000000000e+04 1.240200000000000000e+04 1.240500000000000000e+04
1.100300000000000000e+04 8.657000000000000000e+03 1.251600000000000000e+04 1.038600000000000000e+04
1.251600000000000000e+04 1.038600000000000000e+04 1.251800000000000000e+04 1.091800000000000000e+04
9.463000000000000000e+03 1.126500000000000000e+04 8.521000000000000000e+03 8.317000000000000000e+03
8.521000000000000000e+03 8.317000000000000000e+03 1.268000000000000000e+04 8.782000000000000000e+03
1.268600000000000000e+04 1.269500000000000000e+04 1.269700000000000000e+04 1.270700000000000000e+04
1.258200000000000000e+04 9.470000000000000000e+03 1.271300000000000000e+04 1.263400000000000000e+04
1.285300000000000000e+04 1.113200000000000000e+04 1.285700000000000000e+04 1.286200000000000000e+04
9.472000000000000000e+03 1.288100000000000000e+04 1.288300000000000000e+04 1.288400000000000000e+04
1.289000000000000000e+04 1.065100000000000000e+04 9.776000000000000000e+03 1.219000000000000000e+04
1.321600000000000000e+04 1.035000000000000000e+04 1.321700000000000000e+04 1.322100000000000000e+04
1.321700000000000000e+04 1.322100000000000000e+04 1.322600000000000000e+04 1.322900000000000000e+04
9.643000000000000000e+03 1.343500000000000000e+04 9.395000000000000000e+03 1.344400000000000000e+04
1.095900000000000000e+04 9.999000000000000000e+03 1.350900000000000000e+04 8.278000000000000000e+03
1.353300000000000000e+04 1.339200000000000000e+04 9.199000000000000000e+03 1.353800000000000000e+04
1.362000000000000000e+04 1.098300000000000000e+04 8.855000000000000000e+03 8.527000000000000000e+03
1.336600000000000000e+04 1.192200000000000000e+04 1.167900000000000000e+04 1.311200000000000000e+04
1.149500000000000000e+04 1.307600000000000000e+04 1.368100000000000000e+04 1.215800000000000000e+04
1.368100000000000000e+04 1.215800000000000000e+04 1.368400000000000000e+04 9.879000000000000000e+03
1.339300000000000000e+04 1.270000000000000000e+04 1.368700000000000000e+04 1.040200000000000000e+04
1.379100000000000000e+04 9.777000000000000000e+03 9.164000000000000000e+03 1.255400000000000000e+04
1.358800000000000000e+04 1.382100000000000000e+04 1.382700000000000000e+04 9.283000000000000000e+03
1.384500000000000000e+04 1.210800000000000000e+04 9.255000000000000000e+03 1.068300000000000000e+04
9.255000000000000000e+03 1.068300000000000000e+04 9.729000000000000000e+03 1.295600000000000000e+04
1.365600000000000000e+04 1.388800000000000000e+04 1.378500000000000000e+04 1.097000000000000000e+04
1.198900000000000000e+04 1.107800000000000000e+04 9.538000000000000000e+03 1.391700000000000000e+04
9.538000000000000000e+03 1.391700000000000000e+04 1.391900000000000000e+04 1.213600000000000000e+04
1.368200000000000000e+04 1.177600000000000000e+04 1.392300000000000000e+04 1.392700000000000000e+04
1.392300000000000000e+04 1.392700000000000000e+04 9.209000000000000000e+03 1.392900000000000000e+04
9.112000000000000000e+03 1.309000000000000000e+04 1.393100000000000000e+04 1.290200000000000000e+04
1.393100000000000000e+04 1.290200000000000000e+04 1.393700000000000000e+04 1.133400000000000000e+04
9.937000000000000000e+03 9.969000000000000000e+03 9.430000000000000000e+03 8.346000000000000000e+03
1.396200000000000000e+04 1.397000000000000000e+04 9.295000000000000000e+03 1.101500000000000000e+04
1.341600000000000000e+04 1.075100000000000000e+04 9.398000000000000000e+03 1.296700000000000000e+04
1.401300000000000000e+04 1.401500000000000000e+04 1.105700000000000000e+04 1.151400000000000000e+04
1.410900000000000000e+04 1.172400000000000000e+04 1.174800000000000000e+04 1.411100000000000000e+04
1.353400000000000000e+04 1.417100000000000000e+04 1.201100000000000000e+04 9.766000000000000000e+03
1.174900000000000000e+04 1.127300000000000000e+04 1.432800000000000000e+04 1.433100000000000000e+04
1.432800000000000000e+04 1.433100000000000000e+04 1.114500000000000000e+04 1.433700000000000000e+04
1.143800000000000000e+04 1.445500000000000000e+04 9.557000000000000000e+03 1.103200000000000000e+04
1.178000000000000000e+04 1.222700000000000000e+04 1.035100000000000000e+04 1.451200000000000000e+04
1.452300000000000000e+04 1.027000000000000000e+04 9.043000000000000000e+03 1.432600000000000000e+04
1.083200000000000000e+04 8.826000000000000000e+03 1.113900000000000000e+04 1.213800000000000000e+04
9.952000000000000000e+03 1.281400000000000000e+04 1.448900000000000000e+04 1.465500000000000000e+04
1.105100000000000000e+04 1.232400000000000000e+04 1.194800000000000000e+04 1.467700000000000000e+04
1.194800000000000000e+04 1.467700000000000000e+04 1.467900000000000000e+04 1.406700000000000000e+04
8.775000000000000000e+03 1.478200000000000000e+04 8.582000000000000000e+03 1.478600000000000000e+04
1.047700000000000000e+04 9.360000000000000000e+03 1.188800000000000000e+04 1.339600000000000000e+04
1.488400000000000000e+04 1.038700000000000000e+04 1.030900000000000000e+04 1.160900000000000000e+04
1.375900000000000000e+04 1.325100000000000000e+04 9.509000000000000000e+03 1.497400000000000000e+04
1.484300000000000000e+04 1.103400000000000000e+04 1.397200000000000000e+04 1.365000000000000000e+04
1.501800000000000000e+04 1.490100000000000000e+04 1.435100000000000000e+04 1.501900000000000000e+04
1.435100000000000000e+04 1.501900000000000000e+04 8.548000000000000000e+03 8.790000000000000000e+03
8.548000000000000000e+03 8.790000000000000000e+03 9.679000000000000000e+03 9.650000000000000000e+03
9.465000000000000000e+03 1.025300000000000000e+04 1.326100000000000000e+04 1.125500000000000000e+04
1.507800000000000000e+04 1.025700000000000000e+04 1.501600000000000000e+04 1.507900000000000000e+04
1.354000000000000000e+04 1.270100000000000000e+04 9.651000000000000000e+03 1.411800000000000000e+04
9.140000000000000000e+03 1.090400000000000000e+04 1.514900000000000000e+04 1.456800000000000000e+04
1.328600000000000000e+04 8.624000000000000000e+03 1.518800000000000000e+04 1.115000000000000000e+04
1.518800000000000000e+04 1.115000000000000000e+04 1.028700000000000000e+04 1.285900000000000000e+04
1.371900000000000000e+04 1.445800000000000000e+04 1.506800000000000000e+04 1.248200000000000000e+04
1.353600000000000000e+04 1.380900000000000000e+04 1.520500000000000000e+04 1.064600000000000000e+04
1.245200000000000000e+04 1.158700000000000000e+04 1.181700000000000000e+04 1.005300000000000000e+04
1.303400000000000000e+04 1.028300000000000000e+04 1.521600000000000000e+04 1.168900000000000000e+04
1.196100000000000000e+04 1.008700000000000000e+04 1.521700000000000000e+04 1.522600000000000000e+04
1.399900000000000000e+04 1.128000000000000000e+04 1.259600000000000000e+04 1.138100000000000000e+04
1.488600000000000000e+04 1.453700000000000000e+04 1.450400000000000000e+04 1.149900000000000000e+04
1.129000000000000000e+04 1.527100000000000000e+04 1.186200000000000000e+04 1.265600000000000000e+04
1.105300000000000000e+04 1.003000000000000000e+04 1.411500000000000000e+04 8.273000000000000000e+03
1.271900000000000000e+04 1.178400000000000000e+04 1.256700000000000000e+04 9.921000000000000000e+03
9.116000000000000000e+03 1.170700000000000000e+04 1.176100000000000000e+04 1.110400000000000000e+04
1.533500000000000000e+04 1.273200000000000000e+04 1.282600000000000000e+04 1.534300000000000000e+04
1.282600000000000000e+04 1.534300000000000000e+04 9.233000000000000000e+03 9.940000000000000000e+03
1.136700000000000000e+04 1.227300000000000000e+04 1.536600000000000000e+04 1.033200000000000000e+04
1.173500000000000000e+04 9.438000000000000000e+03 1.539900000000000000e+04 1.395600000000000000e+04
1.197200000000000000e+04 8.331000000000000000e+03 1.066200000000000000e+04 1.542200000000000000e+04
1.433900000000000000e+04 9.632000000000000000e+03 1.543100000000000000e+04 1.336700000000000000e+04
1.544000000000000000e+04 9.188000000000000000e+03 8.747000000000000000e+03 8.703000000000000000e+03
9.564000000000000000e+03 1.401600000000000000e+04 1.422600000000000000e+04 1.546100000000000000e+04
1.422600000000000000e+04 1.546100000000000000e+04 1.517100000000000000e+04 1.479200000000000000e+04
1.517100000000000000e+04 1.479200000000000000e+04 1.423200000000000000e+04 1.468100000000000000e+04
8.806000000000000000e+03 8.947000000000000000e+03 9.914000000000000000e+03 1.546300000000000000e+04
1.014900000000000000e+04 1.279800000000000000e+04 1.461400000000000000e+04 1.426700000000000000e+04
8.524000000000000000e+03 8.799000000000000000e+03 1.261400000000000000e+04 1.546500000000000000e+04
1.261400000000000000e+04 1.546500000000000000e+04 8.748000000000000000e+03 8.240000000000000000e+03
9.731000000000000000e+03 1.550600000000000000e+04 1.551000000000000000e+04 8.499000000000000000e+03
1.081000000000000000e+04 1.447400000000000000e+04 1.363400000000000000e+04 1.554300000000000000e+04
1.208000000000000000e+04 9.747000000000000000e+03 1.259000000000000000e+04 1.554800000000000000e+04
1.508500000000000000e+04 1.386600000000000000e+04 1.187500000000000000e+04 1.116100000000000000e+04
1.405200000000000000e+04 1.361000000000000000e+04 1.343700000000000000e+04 1.004500000000000000e+04
1.556200000000000000e+04 1.314900000000000000e+04 9.846000000000000000e+03 1.414200000000000000e+04
9.333000000000000000e+03 1.519200000000000000e+04 1.362200000000000000e+04 1.026600000000000000e+04
9.309000000000000000e+03 1.196400000000000000e+04 1.286000000000000000e+04 1.557500000000000000e+04
1.053900000000000000e+04 1.304000000000000000e+04 1.272200000000000000e+04 1.407200000000000000e+04
1.531800000000000000e+04 1.269200000000000000e+04 1.558900000000000000e+04 1.077000000000000000e+04
1.566200000000000000e+04 1.566400000000000000e+04 1.566700000000000000e+04 1.567100000000000000e+04
1.566700000000000000e+04 1.567100000000000000e+04 1.453000000000000000e+04 8.529000000000000000e+03
9.081000000000000000e+03 1.075600000000000000e+04 1.567200000000000000e+04 1.061100000000000000e+04
1.260500000000000000e+04 1.224300000000000000e+04 1.227900000000000000e+04 9.985000000000000000e+03
1.091300000000000000e+04 8.937000000000000000e+03 8.682000000000000000e+03 1.226700000000000000e+04
8.682000000000000000e+03 1.226700000000000000e+04 1.489200000000000000e+04 9.238000000000000000e+03
1.347300000000000000e+04 1.238600000000000000e+04 1.486600000000000000e+04 1.390600000000000000e+04
1.486600000000000000e+04 1.390600000000000000e+04 8.705000000000000000e+03 1.138300000000000000e+04
1.404100000000000000e+04 8.953000000000000000e+03 1.225800000000000000e+04 1.111500000000000000e+04
1.578100000000000000e+04 9.809000000000000000e+03 1.110600000000000000e+04 1.130000000000000000e+04
1.110600000000000000e+04 1.130000000000000000e+04 1.196600000000000000e+04 1.150800000000000000e+04
1.196600000000000000e+04 1.150800000000000000e+04 1.528200000000000000e+04 1.437900000000000000e+04
1.391000000000000000e+04 1.302800000000000000e+04 1.529700000000000000e+04 1.161500000000000000e+04
1.396700000000000000e+04 1.566300000000000000e+04 1.371100000000000000e+04 9.269000000000000000e+03
1.354200000000000000e+04 9.038000000000000000e+03 1.470600000000000000e+04 1.580100000000000000e+04
1.571600000000000000e+04 1.047800000000000000e+04 1.163000000000000000e+04 1.351900000000000000e+04
1.385500000000000000e+04 1.593700000000000000e+04 1.308600000000000000e+04 9.217000000000000000e+03
1.461900000000000000e+04 1.594100000000000000e+04 1.108500000000000000e+04 1.233800000000000000e+04
1.108500000000000000e+04 1.233800000000000000e+04 1.594200000000000000e+04 1.594600000000000000e+04
1.150200000000000000e+04 9.381000000000000000e+03 8.500000000000000000e+03 1.027600000000000000e+04
1.524400000000000000e+04 9.459000000000000000e+03 1.267400000000000000e+04 1.164500000000000000e+04
1.559800000000000000e+04 1.073900000000000000e+04 1.212800000000000000e+04 1.597200000000000000e+04
1.598700000000000000e+04 9.363000000000000000e+03 1.391600000000000000e+04 1.279300000000000000e+04
1.391600000000000000e+04 1.279300000000000000e+04 1.318900000000000000e+04 1.533900000000000000e+04
1.488100000000000000e+04 1.072500000000000000e+04 9.590000000000000000e+03 1.052700000000000000e+04
9.590000000000000000e+03 1.052700000000000000e+04 1.111200000000000000e+04 1.057700000000000000e+04
8.378000000000000000e+03 9.310000000000000000e+03 1.335200000000000000e+04 1.250800000000000000e+04
1.383200000000000000e+04 8.337000000000000000e+03 1.131600000000000000e+04 8.285000000000000000e+03
1.131600000000000000e+04 8.285000000000000000e+03 1.509600000000000000e+04 9.000000000000000000e+03
1.490900000000000000e+04 1.577900000000000000e+04 1.577400000000000000e+04 1.568800000000000000e+04
1.550400000000000000e+04 1.573400000000000000e+04 1.176400000000000000e+04 8.571000000000000000e+03
1.279400000000000000e+04 1.063900000000000000e+04 9.383000000000000000e+03 1.366100000000000000e+04
8.235000000000000000e+03 1.411000000000000000e+04 1.271000000000000000e+04 1.169300000000000000e+04
1.238900000000000000e+04 1.602600000000000000e+04 1.607100000000000000e+04 1.569600000000000000e+04
1.302100000000000000e+04 1.608100000000000000e+04 9.873000000000000000e+03 1.515500000000000000e+04
1.270500000000000000e+04 1.036400000000000000e+04 9.009000000000000000e+03 1.121000000000000000e+04
1.191400000000000000e+04 1.482200000000000000e+04 1.423600000000000000e+04 1.545300000000000000e+04
1.611800000000000000e+04 1.428700000000000000e+04 1.152800000000000000e+04 1.262800000000000000e+04
1.607500000000000000e+04 1.538800000000000000e+04 1.264500000000000000e+04 9.591000000000000000e+03
1.613900000000000000e+04 1.278200000000000000e+04 1.142600000000000000e+04 1.283600000000000000e+04
1.614600000000000000e+04 9.759000000000000000e+03 1.272600000000000000e+04 1.077400000000000000e+04
1.272600000000000000e+04 1.077400000000000000e+04 1.614700000000000000e+04 8.687000000000000000e+03
8.421000000000000000e+03 1.368500000000000000e+04 1.615600000000000000e+04 1.117300000000000000e+04
1.477700000000000000e+04 1.619400000000000000e+04 1.498800000000000000e+04 1.413200000000000000e+04
1.498800000000000000e+04 1.413200000000000000e+04 1.002600000000000000e+04 1.026000000000000000e+04
1.375100000000000000e+04 1.340300000000000000e+04 1.418100000000000000e+04 1.433400000000000000e+04
1.619900000000000000e+04 1.086900000000000000e+04 8.751000000000000000e+03 1.475500000000000000e+04
1.051900000000000000e+04 1.069600000000000000e+04 1.390400000000000000e+04 1.622000000000000000e+04
1.572000000000000000e+04 1.587300000000000000e+04 1.618000000000000000e+04 1.622200000000000000e+04
1.618000000000000000e+04 1.622200000000000000e+04 1.622300000000000000e+04 1.340400000000000000e+04
1.469900000000000000e+04 1.624100000000000000e+04 1.626700000000000000e+04 8.723000000000000000e+03
1.604000000000000000e+04 1.434100000000000000e+04 1.626800000000000000e+04 1.525700000000000000e+04
1.626800000000000000e+04 1.525700000000000000e+04 1.597500000000000000e+04 1.067500000000000000e+04
1.597500000000000000e+04 1.067500000000000000e+04 1.626900000000000000e+04 8.919000000000000000e+03
1.448600000000000000e+04 9.553000000000000000e+03 1.075800000000000000e+04 1.040400000000000000e+04
1.075800000000000000e+04 1.040400000000000000e+04 1.360700000000000000e+04 1.412100000000000000e+04
1.629600000000000000e+04 1.608800000000000000e+04 1.106000000000000000e+04 1.601200000000000000e+04
1.629700000000000000e+04 1.630100000000000000e+04 1.415900000000000000e+04 1.204800000000000000e+04
9.343000000000000000e+03 1.634700000000000000e+04 1.528800000000000000e+04 1.166600000000000000e+04
1.263000000000000000e+04 1.525800000000000000e+04 1.033800000000000000e+04 1.356800000000000000e+04
1.344200000000000000e+04 1.123200000000000000e+04 1.633800000000000000e+04 1.269600000000000000e+04
9.058000000000000000e+03 1.537400000000000000e+04 1.605400000000000000e+04 1.574600000000000000e+04
1.605400000000000000e+04 1.574600000000000000e+04 1.607000000000000000e+04 1.335600000000000000e+04
1.125700000000000000e+04 1.109400000000000000e+04 1.346500000000000000e+04 1.521400000000000000e+04
1.346500000000000000e+04 1.521400000000000000e+04 1.407500000000000000e+04 1.636800000000000000e+04
1.634200000000000000e+04 1.243800000000000000e+04 8.612000000000000000e+03 1.465100000000000000e+04
1.310100000000000000e+04 1.240000000000000000e+04 1.638500000000000000e+04 1.503200000000000000e+04
1.468800000000000000e+04 1.094700000000000000e+04 1.514800000000000000e+04 1.120400000000000000e+04
9.532000000000000000e+03 1.352700000000000000e+04 9.175000000000000000e+03 1.421400000000000000e+04
9.739000000000000000e+03 1.259300000000000000e+04 9.229000000000000000e+03 1.614900000000000000e+04
9.229000000000000000e+03 1.614900000000000000e+04 1.358500000000000000e+04 1.153900000000000000e+04
1.249800000000000000e+04 1.481400000000000000e+04 1.145300000000000000e+04 1.300900000000000000e+04
1.642000000000000000e+04 1.354300000000000000e+04 8.425000000000000000e+03 1.522500000000000000e+04
1.369600000000000000e+04 1.598400000000000000e+04 1.050700000000000000e+04 1.606200000000000000e+04
1.158200000000000000e+04 1.123300000000000000e+04 1.354400000000000000e+04 1.616000000000000000e+04
1.354400000000000000e+04 1.616000000000000000e+04 1.283700000000000000e+04 1.101300000000000000e+04
1.304900000000000000e+04 1.260800000000000000e+04 1.382600000000000000e+04 1.388700000000000000e+04
1.382600000000000000e+04 1.388700000000000000e+04 8.462000000000000000e+03 8.388000000000000000e+03
1.266000000000000000e+04 1.448100000000000000e+04 1.120500000000000000e+04 1.326400000000000000e+04
1.645800000000000000e+04 1.646700000000000000e+04 1.647600000000000000e+04 1.647800000000000000e+04
1.668300000000000000e+04 1.669800000000000000e+04 1.670200000000000000e+04 1.670500000000000000e+04
1.699800000000000000e+04 1.699900000000000000e+04 1.700000000000000000e+04 1.700800000000000000e+04
1.750300000000000000e+04 1.751300000000000000e+04 1.709500000000000000e+04 1.752200000000000000e+04
1.765700000000000000e+04 1.765900000000000000e+04 1.678400000000000000e+04 1.693800000000000000e+04
1.678400000000000000e+04 1.693800000000000000e+04 1.670700000000000000e+04 1.766800000000000000e+04
1.697600000000000000e+04 1.806100000000000000e+04 1.806300000000000000e+04 1.806600000000000000e+04
1.830000000000000000e+04 1.830300000000000000e+04 1.830700000000000000e+04 1.772000000000000000e+04
1.870600000000000000e+04 1.871700000000000000e+04 1.872100000000000000e+04 1.873200000000000000e+04
1.902200000000000000e+04 1.902900000000000000e+04 1.812500000000000000e+04 1.903000000000000000e+04
1.768000000000000000e+04 1.922800000000000000e+04 1.761500000000000000e+04 1.923000000000000000e+04
1.908800000000000000e+04 1.948500000000000000e+04 1.948600000000000000e+04 1.948900000000000000e+04
1.948600000000000000e+04 1.948900000000000000e+04 1.949100000000000000e+04 1.949500000000000000e+04
1.950400000000000000e+04 1.951600000000000000e+04 1.952600000000000000e+04 1.953000000000000000e+04
1.952600000000000000e+04 1.953000000000000000e+04 1.953400000000000000e+04 1.646800000000000000e+04
1.961600000000000000e+04 1.648100000000000000e+04 1.962100000000000000e+04 1.962700000000000000e+04
1.962100000000000000e+04 1.962700000000000000e+04 1.963000000000000000e+04 1.699200000000000000e+04
1.976000000000000000e+04 1.924000000000000000e+04 1.976200000000000000e+04 1.978000000000000000e+04
1.846700000000000000e+04 1.985400000000000000e+04 1.821900000000000000e+04 1.915900000000000000e+04
1.821900000000000000e+04 1.915900000000000000e+04 1.747900000000000000e+04 1.701100000000000000e+04
1.995600000000000000e+04 1.805900000000000000e+04 1.996200000000000000e+04 1.996400000000000000e+04
1.754400000000000000e+04 2.001900000000000000e+04 1.851700000000000000e+04 1.653600000000000000e+04
1.969600000000000000e+04 1.954100000000000000e+04 1.897300000000000000e+04 2.002000000000000000e+04
1.716600000000000000e+04 1.778000000000000000e+04 2.013800000000000000e+04 2.014100000000000000e+04
2.063100000000000000e+04 1.756200000000000000e+04 2.064600000000000000e+04 1.731400000000000000e+04
1.812900000000000000e+04 1.946600000000000000e+04 1.803900000000000000e+04 2.072900000000000000e+04
2.073600000000000000e+04 1.931400000000000000e+04 2.074200000000000000e+04 2.039200000000000000e+04
2.087400000000000000e+04 2.088200000000000000e+04 2.089100000000000000e+04 2.089200000000000000e+04
2.055000000000000000e+04 1.820300000000000000e+04 1.785400000000000000e+04 2.105300000000000000e+04
1.773100000000000000e+04 2.000000000000000000e+04 2.122900000000000000e+04 2.123000000000000000e+04
1.701700000000000000e+04 2.128900000000000000e+04 1.690900000000000000e+04 1.941500000000000000e+04
1.684000000000000000e+04 2.129400000000000000e+04 1.748100000000000000e+04 1.774600000000000000e+04
2.131300000000000000e+04 2.131500000000000000e+04 2.131700000000000000e+04 1.666500000000000000e+04
1.684100000000000000e+04 1.838400000000000000e+04 1.726600000000000000e+04 2.006900000000000000e+04
1.726600000000000000e+04 2.006900000000000000e+04 2.163200000000000000e+04 1.775400000000000000e+04
2.163200000000000000e+04 1.775400000000000000e+04 1.889600000000000000e+04 1.719100000000000000e+04
1.889600000000000000e+04 1.719100000000000000e+04 2.163600000000000000e+04 2.034300000000000000e+04
2.163600000000000000e+04 2.034300000000000000e+04 1.731500000000000000e+04 1.691000000000000000e+04
1.698100000000000000e+04 1.927300000000000000e+04 2.161400000000000000e+04 2.155400000000000000e+04
2.063400000000000000e+04 2.187000000000000000e+04 2.187100000000000000e+04 2.078300000000000000e+04
2.182200000000000000e+04 1.816000000000000000e+04 2.169000000000000000e+04 2.031900000000000000e+04
2.169000000000000000e+04 2.031900000000000000e+04 2.191100000000000000e+04 2.093600000000000000e+04
2.191100000000000000e+04 2.093600000000000000e+04 1.887900000000000000e+04 1.917400000000000000e+04
2.185300000000000000e+04 2.193000000000000000e+04 1.939500000000000000e+04 2.193300000000000000e+04
1.715100000000000000e+04 2.195400000000000000e+04 2.195500000000000000e+04 1.763900000000000000e+04
1.769700000000000000e+04 2.148100000000000000e+04 2.045200000000000000e+04 2.078400000000000000e+04
1.713400000000000000e+04 2.201500000000000000e+04 2.142700000000000000e+04 2.201600000000000000e+04
1.673300000000000000e+04 1.882500000000000000e+04 2.145000000000000000e+04 2.205900000000000000e+04
1.978700000000000000e+04 1.680500000000000000e+04 2.061300000000000000e+04 1.957900000000000000e+04
2.061300000000000000e+04 1.957900000000000000e+04 2.012800000000000000e+04 2.208300000000000000e+04
2.012800000000000000e+04 2.208300000000000000e+04 2.208400000000000000e+04 2.208900000000000000e+04
1.705800000000000000e+04 2.211800000000000000e+04 2.148200000000000000e+04 2.198400000000000000e+04
2.148200000000000000e+04 2.198400000000000000e+04 2.212500000000000000e+04 1.772300000000000000e+04
2.213800000000000000e+04 1.721400000000000000e+04 2.213900000000000000e+04 1.653700000000000000e+04
1.972400000000000000e+04 2.216800000000000000e+04 2.217000000000000000e+04 1.760000000000000000e+04
1.845400000000000000e+04 2.219800000000000000e+04 2.220300000000000000e+04 2.220500000000000000e+04
2.224500000000000000e+04 2.185800000000000000e+04 1.997900000000000000e+04 2.224600000000000000e+04
2.225900000000000000e+04 1.962300000000000000e+04 2.010500000000000000e+04 1.722600000000000000e+04
2.010500000000000000e+04 1.722600000000000000e+04 1.963700000000000000e+04 1.764000000000000000e+04
1.963700000000000000e+04 1.764000000000000000e+04 1.943500000000000000e+04 2.158200000000000000e+04
1.646200000000000000e+04 1.702200000000000000e+04 2.170200000000000000e+04 1.742200000000000000e+04
2.170200000000000000e+04 1.742200000000000000e+04 1.954400000000000000e+04 1.963800000000000000e+04
2.004200000000000000e+04 2.160900000000000000e+04 1.647000000000000000e+04 1.658600000000000000e+04
1.647000000000000000e+04 1.658600000000000000e+04 1.710400000000000000e+04 1.760100000000000000e+04
1.760700000000000000e+04 2.246800000000000000e+04 2.019200000000000000e+04 1.651400000000000000e+04
2.019200000000000000e+04 1.651400000000000000e+04 2.029400000000000000e+04 2.094500000000000000e+04
1.794800000000000000e+04 2.253100000000000000e+04 2.096300000000000000e+04 2.008600000000000000e+04
1.942700000000000000e+04 2.110800000000000000e+04 2.070400000000000000e+04 2.254300000000000000e+04
2.255100000000000000e+04 2.255500000000000000e+04 1.958000000000000000e+04 2.255700000000000000e+04
2.133400000000000000e+04 1.905900000000000000e+04 1.774900000000000000e+04 1.770800000000000000e+04
2.063700000000000000e+04 1.751400000000000000e+04 1.841600000000000000e+04 2.257100000000000000e+04
2.257600000000000000e+04 2.133600000000000000e+04 1.792700000000000000e+04 1.942800000000000000e+04
2.272200000000000000e+04 2.200000000000000000e+04 2.272700000000000000e+04 2.111800000000000000e+04
2.279300000000000000e+04 2.189300000000000000e+04 2.167200000000000000e+04 1.866800000000000000e+04
1.742900000000000000e+04 2.105600000000000000e+04 2.140900000000000000e+04 1.770900000000000000e+04
2.205000000000000000e+04 1.762000000000000000e+04 1.647100000000000000e+04 2.130300000000000000e+04
2.304500000000000000e+04 1.673600000000000000e+04 2.302000000000000000e+04 2.255800000000000000e+04
2.302000000000000000e+04 2.255800000000000000e+04 2.124500000000000000e+04 1.988400000000000000e+04
1.799600000000000000e+04 1.820400000000000000e+04 2.182900000000000000e+04 2.179800000000000000e+04
2.182900000000000000e+04 2.179800000000000000e+04 2.316600000000000000e+04 1.723100000000000000e+04
1.743100000000000000e+04 1.727900000000000000e+04 2.317400000000000000e+04 2.240000000000000000e+04
2.317400000000000000e+04 2.240000000000000000e+04 2.087600000000000000e+04 1.709800000000000000e+04
2.087600000000000000e+04 1.709800000000000000e+04 2.276200000000000000e+04 2.317900000000000000e+04
2.171200000000000000e+04 2.172700000000000000e+04 2.328400000000000000e+04 2.328600000000000000e+04
1.973100000000000000e+04 2.008200000000000000e+04 2.018300000000000000e+04 1.762700000000000000e+04
2.033200000000000000e+04 2.082000000000000000e+04 2.047300000000000000e+04 2.007200000000000000e+04
1.712500000000000000e+04 1.994900000000000000e+04 2.338900000000000000e+04 2.332300000000000000e+04
2.113700000000000000e+04 2.161000000000000000e+04 2.293600000000000000e+04 2.256500000000000000e+04
2.293600000000000000e+04 2.256500000000000000e+04 2.339500000000000000e+04 2.320000000000000000e+04
2.339500000000000000e+04 2.320000000000000000e+04 2.129700000000000000e+04 2.136200000000000000e+04
2.342200000000000000e+04 1.772500000000000000e+04 1.752600000000000000e+04 1.717500000000000000e+04
2.129300000000000000e+04 1.691800000000000000e+04 2.343100000000000000e+04 2.062500000000000000e+04
2.345400000000000000e+04 2.345500000000000000e+04 2.086100000000000000e+04 2.345700000000000000e+04
1.820500000000000000e+04 1.762800000000000000e+04 2.345900000000000000e+04 1.843000000000000000e+04
2.275600000000000000e+04 2.002100000000000000e+04 1.669900000000000000e+04 1.676800000000000000e+04
1.802800000000000000e+04 1.877000000000000000e+04 2.281800000000000000e+04 2.355700000000000000e+04
2.281800000000000000e+04 2.355700000000000000e+04 1.944200000000000000e+04 2.177500000000000000e+04
2.176700000000000000e+04 1.767100000000000000e+04 1.866500000000000000e+04 2.355900000000000000e+04
1.736500000000000000e+04 1.945500000000000000e+04 2.164500000000000000e+04 1.988200000000000000e+04
2.357300000000000000e+04 2.357700000000000000e+04 2.066400000000000000e+04 2.069500000000000000e+04
1.969900000000000000e+04 2.074800000000000000e+04 1.800000000000000000e+04 1.983900000000000000e+04
1.981300000000000000e+04 2.019300000000000000e+04 1.814500000000000000e+04 2.125400000000000000e+04
2.355800000000000000e+04 1.767200000000000000e+04 1.975600000000000000e+04 1.691900000000000000e+04
1.781900000000000000e+04 1.719500000000000000e+04 1.797200000000000000e+04 1.951000000000000000e+04
2.334000000000000000e+04 2.362300000000000000e+04 1.979600000000000000e+04 2.322600000000000000e+04
2.148600000000000000e+04 2.363500000000000000e+04 2.138200000000000000e+04 2.225500000000000000e+04
2.138200000000000000e+04 2.225500000000000000e+04 2.363600000000000000e+04 1.996700000000000000e+04
2.161100000000000000e+04 2.368800000000000000e+04 2.184900000000000000e+04 1.962400000000000000e+04
2.369700000000000000e+04 2.229700000000000000e+04 2.095600000000000000e+04 2.318800000000000000e+04
2.095600000000000000e+04 2.318800000000000000e+04 2.049800000000000000e+04 2.369900000000000000e+04
2.370800000000000000e+04 1.816900000000000000e+04 1.988500000000000000e+04 2.312300000000000000e+04
2.161200000000000000e+04 1.901200000000000000e+04 2.349000000000000000e+04 2.317200000000000000e+04
2.029500000000000000e+04 2.285600000000000000e+04 1.869800000000000000e+04 1.947600000000000000e+04
2.147500000000000000e+04 2.200600000000000000e+04 1.929300000000000000e+04 1.791400000000000000e+04
2.044600000000000000e+04 1.831700000000000000e+04 2.244500000000000000e+04 2.373200000000000000e+04
1.753700000000000000e+04 2.038000000000000000e+04 2.041100000000000000e+04 1.989900000000000000e+04
2.251600000000000000e+04 1.736600000000000000e+04 2.379400000000000000e+04 1.687000000000000000e+04
2.379400000000000000e+04 1.687000000000000000e+04 2.084100000000000000e+04 2.075200000000000000e+04
2.084100000000000000e+04 2.075200000000000000e+04 2.379500000000000000e+04 2.249000000000000000e+04
1.973300000000000000e+04 1.660000000000000000e+04 2.055400000000000000e+04 2.096900000000000000e+04
2.055400000000000000e+04 2.096900000000000000e+04 1.831800000000000000e+04 2.343200000000000000e+04
1.831800000000000000e+04 2.343200000000000000e+04 2.190000000000000000e+04 2.011000000000000000e+04
2.190000000000000000e+04 2.011000000000000000e+04 1.679000000000000000e+04 1.956200000000000000e+04
1.679000000000000000e+04 1.956200000000000000e+04 2.101100000000000000e+04 2.381200000000000000e+04
1.933400000000000000e+04 2.381300000000000000e+04 2.051100000000000000e+04 1.715400000000000000e+04
1.843100000000000000e+04 2.319300000000000000e+04 2.381800000000000000e+04 1.765000000000000000e+04
2.262400000000000000e+04 2.330900000000000000e+04 2.158400000000000000e+04 2.067500000000000000e+04
1.826900000000000000e+04 2.387300000000000000e+04 1.931700000000000000e+04 2.001500000000000000e+04
1.931700000000000000e+04 2.001500000000000000e+04 1.649000000000000000e+04 2.299900000000000000e+04
1.649000000000000000e+04 2.299900000000000000e+04 1.746300000000000000e+04 2.009900000000000000e+04
2.193200000000000000e+04 2.288200000000000000e+04 1.872900000000000000e+04 1.808600000000000000e+04
1.787500000000000000e+04 1.820600000000000000e+04 1.682400000000000000e+04 2.052700000000000000e+04
1.682400000000000000e+04 2.052700000000000000e+04 2.120600000000000000e+04 2.265200000000000000e+04
2.375700000000000000e+04 1.687400000000000000e+04 1.646600000000000000e+04 1.850500000000000000e+04
2.239700000000000000e+04 2.315800000000000000e+04 2.048400000000000000e+04 1.868000000000000000e+04
1.970100000000000000e+04 1.687500000000000000e+04 2.395700000000000000e+04 1.712700000000000000e+04
2.392000000000000000e+04 2.178400000000000000e+04 1.710900000000000000e+04 1.651800000000000000e+04
2.398500000000000000e+04 2.358200000000000000e+04 2.080200000000000000e+04 1.973500000000000000e+04
2.399300000000000000e+04 2.373900000000000000e+04 1.672900000000000000e+04 2.334800000000000000e+04
2.399600000000000000e+04 2.399700000000000000e+04 2.331200000000000000e+04 1.767500000000000000e+04
1.705100000000000000e+04 2.295800000000000000e+04 1.904500000000000000e+04 1.793900000000000000e+04
1.904500000000000000e+04 1.793900000000000000e+04 1.891300000000000000e+04 1.696200000000000000e+04
2.399900000000000000e+04 2.068300000000000000e+04 1.951300000000000000e+04 2.275400000000000000e+04
2.159300000000000000e+04 2.401700000000000000e+04 2.020000000000000000e+04 1.999000000000000000e+04
2.046900000000000000e+04 1.863800000000000000e+04 2.114000000000000000e+04 2.394000000000000000e+04
2.355600000000000000e+04 1.757300000000000000e+04 1.979000000000000000e+04 2.131100000000000000e+04
2.193600000000000000e+04 1.826700000000000000e+04 1.679100000000000000e+04 1.888500000000000000e+04
1.679100000000000000e+04 1.888500000000000000e+04 1.817000000000000000e+04 2.138500000000000000e+04
2.400800000000000000e+04 1.711900000000000000e+04 1.896000000000000000e+04 2.319400000000000000e+04
2.027000000000000000e+04 2.406200000000000000e+04 2.107700000000000000e+04 2.409400000000000000e+04
1.910800000000000000e+04 2.363300000000000000e+04 1.698600000000000000e+04 2.259500000000000000e+04
1.692200000000000000e+04 1.991700000000000000e+04 2.325800000000000000e+04 1.983300000000000000e+04
2.325800000000000000e+04 1.983300000000000000e+04 2.411000000000000000e+04 1.867300000000000000e+04
1.943100000000000000e+04 2.317300000000000000e+04 2.027100000000000000e+04 2.411500000000000000e+04
2.414600000000000000e+04 2.114700000000000000e+04 1.796300000000000000e+04 1.822800000000000000e+04
1.835700000000000000e+04 1.943200000000000000e+04 1.692300000000000000e+04 2.007500000000000000e+04
1.692300000000000000e+04 2.007500000000000000e+04 2.344900000000000000e+04 1.820700000000000000e+04
1.932600000000000000e+04 2.263200000000000000e+04 2.127700000000000000e+04 1.703900000000000000e+04
2.127700000000000000e+04 1.703900000000000000e+04 2.265300000000000000e+04 2.095900000000000000e+04
2.265300000000000000e+04 2.095900000000000000e+04 2.415600000000000000e+04 2.167600000000000000e+04
2.038300000000000000e+04 1.780400000000000000e+04 1.900300000000000000e+04 2.306300000000000000e+04
1.985800000000000000e+04 2.419600000000000000e+04 1.681700000000000000e+04 2.019400000000000000e+04
1.681700000000000000e+04 2.019400000000000000e+04 2.419400000000000000e+04 2.332800000000000000e+04
2.419400000000000000e+04 2.332800000000000000e+04 1.886300000000000000e+04 2.142400000000000000e+04
1.715900000000000000e+04 1.888700000000000000e+04 1.744500000000000000e+04 2.281500000000000000e+04
1.744500000000000000e+04 2.281500000000000000e+04 2.419100000000000000e+04 1.817300000000000000e+04
2.419100000000000000e+04 1.817300000000000000e+04 2.040100000000000000e+04 2.419900000000000000e+04
1.704100000000000000e+04 2.053100000000000000e+04 1.645400000000000000e+04 1.968500000000000000e+04
1.645400000000000000e+04 1.968500000000000000e+04 1.841400000000000000e+04 2.420100000000000000e+04
2.284600000000000000e+04 1.648200000000000000e+04 2.241600000000000000e+04 2.417100000000000000e+04
1.988600000000000000e+04 2.389200000000000000e+04 1.663700000000000000e+04 1.711000000000000000e+04
1.663700000000000000e+04 1.711000000000000000e+04 2.342100000000000000e+04 2.420200000000000000e+04
2.034600000000000000e+04 2.266300000000000000e+04 2.328200000000000000e+04 1.943900000000000000e+04
2.328200000000000000e+04 1.943900000000000000e+04 1.832400000000000000e+04 1.685300000000000000e+04
2.193800000000000000e+04 2.317700000000000000e+04 1.692600000000000000e+04 1.645500000000000000e+04
2.425800000000000000e+04 1.926900000000000000e+04 1.820800000000000000e+04 1.825800000000000000e+04
2.428400000000000000e+04 2.346800000000000000e+04 2.343400000000000000e+04 1.980000000000000000e+04
2.036400000000000000e+04 1.947300000000000000e+04 1.797800000000000000e+04 2.391800000000000000e+04
2.399100000000000000e+04 1.842000000000000000e+04 1.740400000000000000e+04 1.860200000000000000e+04
1.915400000000000000e+04 1.904900000000000000e+04 2.183700000000000000e+04 2.252000000000000000e+04
2.208800000000000000e+04 1.669600000000000000e+04 1.933700000000000000e+04 1.839200000000000000e+04
1.716100000000000000e+04 2.066000000000000000e+04 2.272500000000000000e+04 1.725900000000000000e+04
2.272500000000000000e+04 1.725900000000000000e+04 1.968800000000000000e+04 2.434000000000000000e+04
1.704400000000000000e+04 1.854200000000000000e+04 2.434100000000000000e+04 2.414900000000000000e+04
1.848300000000000000e+04 2.247700000000000000e+04 2.417600000000000000e+04 2.191900000000000000e+04
2.341000000000000000e+04 2.432000000000000000e+04 1.918400000000000000e+04 1.876200000000000000e+04
2.435400000000000000e+04 1.960700000000000000e+04 1.698900000000000000e+04 1.645600000000000000e+04
2.170000000000000000e+04 1.689600000000000000e+04 2.436000000000000000e+04 2.436100000000000000e+04
2.379300000000000000e+04 1.802100000000000000e+04 2.085300000000000000e+04 2.436500000000000000e+04
2.437800000000000000e+04 1.716200000000000000e+04 2.258100000000000000e+04 2.436300000000000000e+04
1.942200000000000000e+04 1.950200000000000000e+04 2.437900000000000000e+04 1.670100000000000000e+04
2.438000000000000000e+04 2.321300000000000000e+04 2.186500000000000000e+04 2.438100000000000000e+04
1.917200000000000000e+04 2.189100000000000000e+04 2.138700000000000000e+04 2.174800000000000000e+04
2.138700000000000000e+04 2.174800000000000000e+04 1.825900000000000000e+04 2.429000000000000000e+04
1.645700000000000000e+04 2.239000000000000000e+04 2.188600000000000000e+04 2.145600000000000000e+04
2.294600000000000000e+04 2.382400000000000000e+04 1.714700000000000000e+04 2.443600000000000000e+04
1.685400000000000000e+04 2.190500000000000000e+04 1.693100000000000000e+04 1.874900000000000000e+04
